4
13
22
31
40
49
58
67
76
85
94
103
112
121
130
139
148
157
166
175
184
193
202
211
220
229
238
247
256
265
274
283
292
301
310
319
328
337
346
355
364
373
382
391
400
409
418
427
436
445
454
463
472
481
490
499
508
517
526
535
544
553
562
571
580
589
598
607
616
625
634
643
652
661
670
679
688
697
706
715
724
733
742
751
760
769
778
787
796
805
814
823
832
841
850
859
868
877
886
895
920
930
939
948
957
966
975
984
993
1002
1011
1020
1029
1038
1047
1056
1065
1074
1083
1092
1101
1110
1119
1128
1137
1146
1155
1164
1173
1182
1191
1200
1209
1218
1227
1236
1245
1254
1263
1272
1281
1290
1299
1308
1317
1326
1335
1344
1353
1362
1371
1380
1389
1398
1407
1416
1425
1434
1443
1452
1461
1470
1479
1488
1497
1506
1515
1524
1533
1542
1551
1560
1569
1578
1587
1596
1605
1614
1623
1632
1641
1650
1659
1668
1677
1686
1695
1704
1713
1722
1731
1740
1749
1758
1767
1776
1783
1788
1796
1799
1822
1831
1840
1849
1858
1867
1876
1885
1894
1903
1912
1921
1930
1939
1948
1957
1966
1975
1984
1993
2002
2011
2020
2029
2038
2047
2056
2065
2074
2083
2092
2101
2110
2119
2128
2137
2146
2155
2164
2173
2182
2191
2200
2209
2218
2227
2236
2245
2254
2263
2272
2281
2290
2299
2308
2317
2326
2335
2344
2353
2362
2371
2380
2389
2398
2407
2416
2425
2434
2443
2452
2461
2470
2479
2488
2497
2506
2515
2524
2533
2542
2551
2560
2569
2578
2587
2596
2605
2614
2623
2632
2641
2650
2659
2668
2677
2685
2689
2692
2699
2731
2739
2745
2753
2762
2771
2780
2789
2798
2807
2816
2825
2834
2843
2852
2861
2870
2879
2888
2897
2906
2915
2924
2933
2942
2951
2960
2969
2978
2987
2996
3005
3014
3023
3032
3041
3050
3059
3068
3077
3086
3095
3104
3113
3122
3131
3140
3149
3158
3167
3176
3185
3194
3203
3212
3221
3230
3239
3248
3257
3266
3275
3284
3293
3302
3311
3320
3329
3338
3347
3356
3365
3374
3383
3392
3401
3410
3419
3428
3437
3446
3455
3464
3472
3480
3489
3498
3507
3516
3525
3534
3543
3552
3561
3569
3576
3584
3588
3595
3601
3641
3650
3659
3668
3677
3686
3695
3704
3713
3722
3731
3740
3749
3758
3767
3776
3785
3794
3803
3812
3821
3830
3839
3848
3857
3866
3875
3884
3893
3902
3911
3920
3929
3938
3947
3956
3965
3974
3983
3992
4001
4010
4019
4028
4037
4046
4055
4068
4077
4086
4095
4104
4113
4122
4131
4140
4149
4158
4167
4176
4185
4194
4203
4212
4221
4230
4239
4248
4257
4266
4275
4284
4293
4302
4311
4320
4329
4338
4347
4356
4365
4374
4383
4392
4401
4410
4419
4428
4437
4446
4455
4463
4472
4479
4489
4494
4497
4501
4505
4508
4547
4552
4560
4569
4578
4587
4596
4605
4614
4623
4632
4641
4650
4659
4668
4677
4686
4695
4704
4713
4722
4731
4740
4749
4758
4767
4776
4785
4794
4803
4812
4821
4830
4839
4848
4857
4866
4875
4884
4893
4902
4911
4920
4929
4938
4947
4956
4965
4974
4983
4992
5001
5010
5019
5028
5037
5046
5055
5064
5073
5082
5091
5100
5109
5118
5127
5136
5145
5154
5163
5172
5181
5190
5199
5208
5217
5226
5235
5244
5253
5262
5271
5280
5289
5298
5307
5316
5324
5328
5337
5346
5355
5364
5373
5383
5394
5400
5407
5412
5416
5452
5459
5468
5477
5486
5495
5504
5513
5522
5531
5540
5549
5558
5567
5576
5585
5594
5603
5612
5621
5630
5639
5648
5657
5666
5675
5684
5693
5702
5711
5720
5729
5738
5747
5756
5765
5774
5783
5792
5801
5810
5819
5828
5837
5846
5855
5864
5873
5882
5891
5900
5909
5918
5927
5936
5945
5954
5963
5972
5981
5990
5999
6008
6017
6026
6035
6044
6053
6062
6071
6080
6089
6098
6107
6116
6125
6134
6143
6152
6161
6170
6179
6187
6198
6207
6216
6225
6234
6243
6251
6255
6263
6272
6281
6290
6297
6304
6313
6322
6330
6390
6399
6408
6417
6426
6435
6444
6453
6462
6471
6480
6489
6498
6507
6516
6525
6534
6543
6552
6561
6570
6579
6588
6597
6606
6615
6624
6633
6642
6651
6660
6669
6678
6687
6696
6705
6714
6723
6732
6741
6750
6759
6768
6777
6786
6795
6804
6813
6822
6831
6840
6849
6858
6867
6876
6885
6894
6903
6912
6921
6930
6939
6948
6957
6966
6975
6984
6993
7002
7011
7020
7029
7038
7047
7055
7063
7069
7076
7085
7094
7103
7112
7121
7130
7138
7146
7154
7162
7170
7177
7188
7195
7203
7211
7219
7228
7236
7245
7253
7260
7305
7314
7323
7332
7341
7350
7359
7368
7377
7386
7395
7404
7413
7422
7431
7440
7449
7458
7467
7476
7485
7494
7503
7512
7521
7530
7539
7548
7557
7566
7575
7584
7593
7602
7611
7620
7629
7638
7647
7656
7665
7674
7683
7692
7701
7710
7719
7728
7737
7746
7755
7764
7773
7782
7791
7800
7809
7818
7827
7836
7845
7854
7863
7872
7881
7890
7899
7908
7917
7926
7935
7943
7949
7957
7966
7975
7984
7993
8002
8011
8020
8029
8038
8046
8055
8062
8067
8072
8078
8086
8092
8098
8105
8118
8127
8135
8139
8146
8155
8164
8185
8192
8201
8213
8222
8231
8240
8249
8258
8267
8276
8285
8294
8303
8312
8321
8330
8339
8348
8357
8366
8375
8384
8393
8402
8411
8420
8430
8439
8448
8457
8466
8475
8484
8493
8502
8511
8520
8529
8538
8547
8556
8565
8574
8583
8592
8601
8610
8619
8628
8637
8646
8655
8664
8673
8682
8691
8700
8709
8718
8727
8736
8745
8754
8763
8772
8781
8790
8799
8808
8817
8829
8837
8846
8855
8864
8873
8882
8891
8900
8909
8918
8927
8935
8943
8947
8957
8965
8972
8978
8984
8990
8996
9003
9009
9015
9021
9028
9032
9036
9067
9074
9083
9092
9101
9110
9119
9128
9137
9145
9154
9163
9172
9181
9190
9199
9208
9217
9226
9235
9244
9253
9262
9271
9280
9289
9298
9307
9316
9325
9334
9343
9352
9361
9370
9379
9388
9397
9406
9415
9424
9433
9442
9451
9460
9469
9478
9487
9496
9505
9514
9523
9532
9541
9550
9559
9568
9577
9586
9595
9604
9613
9622
9631
9640
9649
9658
9667
9676
9685
9694
9703
9712
9721
9730
9739
9748
9757
9766
9775
9784
9793
9801
9811
9819
9828
9834
9841
9849
9857
9866
9875
9884
9892
9900
9904
9913
9922
9930
9938
9990
9998
10002
10014
10023
10032
10041
10050
10059
10068
10077
10086
10095
10104
10113
10122
10131
10140
10149
10158
10167
10176
10185
10194
10203
10212
10221
10230
10239
10248
10257
10266
10275
10284
10293
10302
10311
10320
10329
10338
10347
10356
10365
10374
10383
10392
10401
10410
10419
10428
10437
10446
10455
10464
10473
10482
10491
10500
10509
10518
10527
10536
10545
10554
10563
10572
10581
10590
10599
10608
10617
10626
10635
10644
10653
10662
10671
10680
10694
10703
10711
10719
10723
10729
10737
10745
10749
10758
10767
10776
10784
10789
10795
10804
10813
10822
10831
10837
10845
10854
10900
10909
10918
10927
10936
10945
10954
10963
10972
10981
10990
10999
11008
11017
11026
11035
11044
11053
11062
11071
11080
11089
11098
11107
11116
11125
11134
11143
11152
11161
11170
11179
11188
11197
11206
11215
11224
11233
11242
11251
11260
11269
11278
11287
11296
11305
11314
11323
11332
11341
11350
11359
11368
11377
11386
11395
11404
11413
11422
11431
11440
11449
11458
11467
11476
11485
11494
11503
11512
11521
11530
11539
11548
11557
11566
11574
11585
11593
11607
11616
11624
11633
11641
11650
11658
11666
11674
11683
11692
11701
11710
11718
11724
11732
11738
11744
11751
11757
11768
11775
11815
11822
11831
11840
11849
11858
11867
11876
11884
11893
11902
11911
11920
11929
11938
11947
11956
11965
11974
11983
11992
12001
12010
12019
12028
12037
12046
12055
12064
12073
12082
12091
12100
12109
12118
12127
12136
12145
12154
12163
12172
12181
12190
12199
12208
12217
12226
12235
12244
12253
12262
12271
12280
12289
12298
12307
12316
12325
12334
12343
12352
12361
12370
12379
12388
12397
12406
12415
12424
12433
12442
12451
12460
12469
12477
12484
12492
12499
12508
12515
12524
12532
12540
12548
12557
12572
12581
12590
12599
12607
12616
12625
12634
12643
12651
12659
12662
12665
12673
12682
12704
12713
12721
12725
12735
12744
12753
12762
12771
12780
12789
12798
12807
12816
12825
12834
12843
12852
12861
12870
12879
12888
12897
12906
12915
12924
12933
12942
12951
12960
12969
12978
12987
12996
13005
13014
13023
13032
13041
13050
13059
13068
13077
13086
13095
13104
13113
13122
13131
13140
13149
13158
13167
13176
13185
13194
13203
13212
13221
13230
13239
13248
13257
13266
13275
13284
13293
13302
13311
13320
13329
13338
13347
13356
13365
13373
13381
13388
13396
13404
13412
13421
13430
13438
13446
13459
13467
13477
13485
13493
13504
13512
13521
13530
13539
13547
13554
13562
13569
13578
13603
13610
13615
13625
13634
13643
13652
13661
13670
13679
13688
13697
13706
13715
13724
13733
13742
13751
13760
13769
13778
13787
13796
13805
13814
13823
13832
13841
13850
13859
13868
13877
13886
13895
13904
13913
13922
13931
13940
13949
13958
13967
13976
13985
13994
14003
14012
14021
14030
14039
14048
14057
14066
14075
14084
14093
14102
14111
14120
14129
14138
14147
14156
14165
14174
14183
14192
14201
14210
14219
14228
14237
14246
14256
14264
14273
14280
14289
14298
14307
14315
14323
14328
14335
14344
14352
14359
14368
14376
14384
14396
14402
14408
14412
14421
14430
14438
14447
14454
14462
14499
14507
14515
14528
14535
14544
14553
14562
14571
14580
14589
14598
14607
14616
14625
14634
14643
14652
14661
14670
14679
14688
14697
14706
14715
14724
14733
14742
14751
14760
14769
14778
14787
14796
14805
14814
14823
14832
14841
14850
14859
14868
14877
14886
14895
14904
14913
14922
14931
14940
14949
14958
14967
14976
14985
14994
15003
15012
15021
15030
15039
15048
15057
15066
15075
15084
15093
15102
15111
15120
15129
15138
15148
15156
15159
15169
15178
15187
15195
15202
15208
15217
15226
15235
15244
15252
15259
15268
15272
15280
15288
15297
15305
15313
15320
15329
15337
15345
15352
15362
15413
15421
15429
15440
15448
15457
15466
15475
15484
15493
15502
15511
15520
15529
15538
15547
15556
15565
15574
15583
15592
15601
15610
15619
15628
15637
15646
15655
15664
15673
15682
15691
15700
15709
15718
15727
15736
15745
15754
15763
15772
15781
15790
15799
15808
15817
15826
15835
15844
15853
15862
15871
15880
15889
15898
15907
15916
15925
15934
15943
15952
15961
15970
15979
15988
15997
16006
16015
16024
16032
16040
16048
16057
16066
16075
16084
16095
16103
16112
16121
16129
16137
16144
16153
16162
16171
16179
16187
16201
16209
16217
16226
16232
16240
16248
16256
16267
16271
16284
16293
16329
16337
16343
16352
16361
16370
16379
16388
16397
16406
16415
16424
16433
16442
16451
16460
16469
16478
16487
16496
16505
16514
16523
16532
16541
16550
16559
16568
16577
16586
16595
16604
16613
16622
16631
16640
16649
16658
16667
16676
16685
16694
16703
16712
16721
16730
16739
16748
16757
16766
16775
16784
16793
16802
16811
16820
16829
16838
16847
16856
16865
16874
16883
16892
16901
16910
16918
16930
16938
16947
16956
16965
16975
16983
16991
16994
17002
17011
17020
17028
17037
17044
17053
17062
17071
17079
17090
17098
17106
17114
17118
17127
17136
17145
17154
17162
17168
17179
17186
17192
17239
17247
17256
17265
17274
17283
17292
17301
17310
17319
17328
17337
17346
17355
17364
17373
17382
17391
17400
17409
17418
17427
17436
17445
17454
17463
17472
17481
17490
17499
17508
17517
17526
17535
17544
17553
17562
17571
17580
17589
17598
17607
17616
17625
17634
17643
17652
17661
17670
17679
17688
17697
17706
17715
17724
17733
17742
17751
17760
17769
17778
17787
17794
17802
17810
17818
17823
17832
17841
17850
17859
17868
17877
17885
17900
17909
17917
17931
17940
17949
17958
17966
17979
17990
17999
18007
18019
18027
18036
18045
18053
18059
18064
18072
18081
18089
18095
18103
18112
18121
18151
18159
18167
18176
18185
18194
18203
18212
18221
18230
18239
18248
18257
18266
18275
18284
18293
18302
18311
18320
18329
18338
18347
18356
18365
18374
18383
18392
18401
18410
18419
18428
18437
18446
18455
18464
18473
18482
18491
18500
18509
18518
18527
18536
18545
18554
18563
18572
18581
18590
18599
18608
18617
18626
18635
18644
18653
18662
18671
18680
18689
18697
18700
18709
18718
18727
18736
18745
18754
18763
18771
18781
18791
18800
18808
18816
18823
18831
18840
18849
18857
18870
18879
18888
18897
18905
18918
18927
18936
18946
18954
18964
18970
18978
18986
18995
19003
19012
19021
19030
19056
19064
19072
19080
19084
19096
19105
19114
19123
19132
19141
19150
19159
19168
19177
19186
19195
19204
19213
19222
19231
19240
19249
19258
19267
19276
19285
19294
19303
19312
19321
19330
19339
19348
19357
19366
19375
19384
19393
19402
19411
19420
19429
19438
19447
19456
19465
19474
19483
19492
19501
19510
19519
19528
19537
19546
19555
19564
19573
19581
19589
19597
19602
19609
19618
19627
19636
19645
19653
19664
19672
19681
19690
19699
19707
19711
19721
19730
19739
19748
19757
19766
19774
19781
19788
19797
19805
19813
19817
19823
19832
19841
19850
19859
19867
19876
19883
19890
19897
19906
19937
19946
19955
19964
19972
19979
19987
19996
20005
20014
20023
20032
20041
20050
20059
20068
20077
20086
20095
20104
20113
20122
20131
20140
20149
20158
20167
20176
20185
20194
20203
20212
20221
20230
20239
20248
20257
20266
20275
20284
20293
20302
20311
20320
20329
20338
20347
20356
20365
20374
20383
20392
20401
20410
20419
20428
20437
20446
20455
20464
20473
20482
20490
20498
20506
20515
20524
20533
20541
20549
20557
20566
20575
20584
20593
20602
20611
20619
20627
20633
20641
20650
20659
20668
20677
20686
20695
20703
20711
20718
20723
20732
20741
20749
20756
20766
20775
20784
20793
20802
20816
20825
20834
20843
20852
20861
20870
20878
20885
20892
20899
20908
20917
20926
20935
20944
20953
20962
20971
20980
20989
20998
21007
21016
21025
21034
21043
21052
21061
21070
21079
21088
21097
21106
21115
21124
21133
21142
21151
21160
21169
21178
21187
21196
21205
21214
21223
21232
21241
21250
21259
21268
21277
21286
21295
21304
21313
21322
21331
21340
21349
21358
21367
21376
21385
21393
21401
21410
21419
21429
21437
21445
21452
21461
21470
21479
21488
21497
21506
21515
21524
21532
21540
21546
21550
21559
21568
21576
21584
21592
21601
21609
21617
21623
21629
21638
21646
21654
21660
21669
21715
21729
21737
21746
21755
21764
21772
21780
21791
21800
21809
21818
21827
21836
21845
21854
21863
21872
21881
21890
21899
21908
21917
21926
21935
21944
21953
21962
21971
21980
21989
21998
22007
22016
22025
22034
22043
22052
22061
22070
22079
22088
22097
22106
22115
22124
22133
22142
22151
22160
22169
22178
22187
22196
22205
22214
22223
22232
22241
22250
22259
22268
22276
22283
22296
22305
22314
22323
22331
22339
22346
22353
22362
22371
22380
22389
22398
22407
22416
22425
22434
22442
22453
22463
22471
22482
22490
22498
22506
22520
22529
22538
22546
22554
22562
22571
22580
22589
22598
22607
22642
22651
22660
22669
22678
22686
22694
22703
22712
22721
22730
22739
22748
22757
22766
22775
22784
22793
22802
22811
22820
22829
22838
22847
22856
22865
22874
22883
22892
22901
22910
22919
22928
22937
22946
22955
22964
22973
22982
22991
23000
23009
23018
23027
23036
23045
23054
23063
23072
23081
23090
23099
23108
23117
23126
23135
23144
23153
23162
23170
23182
23191
23200
23209
23218
23227
23236
23244
23247
23257
23266
23275
23284
23293
23302
23311
23320
23329
23339
23347
23356
23362
23372
23380
23392
23402
23410
23414
23423
23432
23440
23448
23456
23465
23474
23483
23492
23500
23508
23521
23556
23564
23572
23578
23586
23595
23604
23613
23622
23631
23640
23649
23658
23667
23676
23685
23694
23703
23712
23721
23730
23739
23748
23757
23766
23775
23784
23793
23802
23811
23820
23829
23838
23847
23856
23865
23874
23883
23892
23901
23910
23919
23928
23937
23946
23955
23964
23973
23982
23991
24000
24009
24018
24027
24036
24045
24054
24064
24072
24080
24086
24095
24104
24113
24121
24129
24137
24146
24155
24164
24173
24182
24191
24200
24209
24218
24227
24236
24245
24253
24264
24275
24283
24291
24297
24309
24316
24324
24333
24342
24350
24356
24365
24374
24383
24391
24397
24405
24414
24423
24453
24461
24469
24479
24488
24497
24506
24515
24524
24533
24542
24551
24560
24569
24578
24587
24596
24605
24614
24623
24632
24641
24650
24659
24668
24677
24686
24695
24704
24713
24722
24731
24740
24749
24758
24767
24776
24785
24794
24803
24812
24821
24830
24839
24848
24857
24866
24875
24884
24893
24902
24911
24920
24929
24938
24947
24956
24964
24970
24978
24987
24996
25005
25013
25023
25032
25041
25050
25059
25068
25077
25086
25095
25104
25113
25122
25131
25140
25149
25157
25164
25174
25183
25193
25201
25208
25213
25219
25227
25233
25242
25250
25258
25271
25278
25284
25292
25297
25305
25314
25344
25352
25360
25366
25374
25383
25392
25401
25410
25419
25428
25437
25446
25455
25464
25473
25482
25491
25500
25509
25518
25527
25536
25545
25554
25563
25572
25581
25590
25599
25608
25617
25626
25635
25644
25653
25662
25671
25680
25689
25698
25707
25716
25725
25734
25743
25752
25761
25770
25779
25788
25797
25806
25815
25824
25833
25841
25849
25856
25864
25873
25882
25891
25900
25909
25915
25925
25934
25943
25952
25961
25970
25979
25988
25997
26006
26015
26024
26033
26042
26051
26060
26068
26076
26084
26090
26098
26106
26114
26122
26129
26138
26147
26156
26165
26174
26182
26189
26196
26205
26238
26246
26254
26263
26273
26282
26291
26300
26309
26318
26327
26336
26345
26354
26363
26372
26381
26390
26399
26408
26417
26426
26435
26444
26453
26462
26471
26480
26489
26498
26507
26516
26525
26534
26543
26552
26561
26570
26579
26588
26597
26606
26615
26624
26633
26642
26651
26660
26669
26678
26687
26696
26705
26714
26723
26732
26741
26750
26758
26767
26773
26782
26791
26799
26806
26814
26823
26832
26841
26850
26859
26868
26877
26886
26895
26904
26913
26922
26931
26940
26949
26958
26967
26976
26984
26992
26999
27008
27016
27023
27027
27037
27048
27053
27061
27067
27073
27080
27087
27095
27129
27138
27147
27156
27164
27168
27177
27186
27195
27204
27213
27222
27231
27240
27249
27258
27267
27276
27285
27294
27303
27312
27321
27330
27339
27348
27357
27366
27375
27384
27393
27402
27411
27420
27429
27438
27447
27456
27465
27474
27483
27492
27501
27510
27519
27528
27537
27546
27555
27564
27573
27582
27591
27600
27609
27618
27627
27636
27645
27653
27658
27666
27675
27684
27693
27701
27705
27712
27721
27730
27739
27748
27757
27766
27775
27784
27793
27802
27811
27820
27829
27838
27847
27856
27865
27874
27882
27890
27897
27904
27913
27918
27929
27940
27944
27949
27957
27963
27968
27976
28034
28042
28048
28056
28065
28074
28083
28092
28101
28110
28119
28128
28137
28146
28155
28164
28173
28182
28191
28200
28209
28218
28227
28236
28245
28254
28263
28272
28281
28290
28299
28308
28317
28326
28335
28344
28353
28362
28371
28380
28389
28398
28407
28416
28425
28434
28443
28452
28461
28470
28479
28488
28497
28506
28515
28524
28533
28541
28549
28557
28564
28568
28576
28579
28586
28594
28601
28609
28618
28627
28636
28645
28654
28663
28672
28681
28690
28699
28708
28717
28726
28735
28744
28753
28762
28771
28779
28787
28794
28806
28814
28827
28836
28844
28852
28858
28863
28872
28879
28887
28927
28936
28945
28953
28962
28967
28977
28986
28995
29004
29013
29022
29031
29040
29049
29058
29067
29076
29085
29094
29103
29112
29121
29130
29139
29148
29157
29166
29175
29184
29193
29202
29211
29220
29229
29238
29247
29256
29265
29274
29283
29292
29301
29310
29319
29328
29337
29346
29355
29364
29373
29382
29391
29400
29409
29418
29427
29436
29444
29452
29462
29471
29479
29487
29493
29501
29510
29519
29528
29537
29546
29555
29564
29573
29582
29591
29600
29609
29618
29627
29636
29645
29654
29663
29671
29676
29682
29691
29700
29709
29718
29726
29733
29740
29752
29759
29766
29770
29782
29793
29843
29851
29857
29868
29877
29886
29895
29904
29913
29922
29931
29940
29949
29958
29967
29976
29985
29994
30003
30012
30021
30030
30039
30048
30057
30066
30075
30084
30093
30102
30111
30120
30129
30138
30147
30156
30165
30174
30183
30192
30201
30210
30219
30228
30237
30246
30255
30264
30273
30282
30291
30300
30308
30316
30324
30328
30335
30344
30353
30362
30371
30380
30388
30396
30404
30412
30421
30430
30439
30448
30457
30466
30475
30484
30493
30502
30511
30520
30529
30538
30546
30554
30562
30569
30577
30586
30595
30604
30613
30621
30634
30643
30651
30659
30674
30681
30684
30698
30705
30713
30746
30750
30756
30765
30774
30783
30792
30801
30810
30819
30828
30837
30846
30855
30864
30873
30882
30891
30900
30909
30918
30927
30936
30945
30954
30963
30972
30981
30990
30999
31008
31017
31026
31035
31044
31053
31062
31071
31080
31089
31098
31107
31116
31125
31134
31143
31152
31161
31170
31179
31188
31197
31206
31214
31223
31232
31241
31250
31259
31267
31275
31280
31286
31294
31303
31312
31321
31330
31339
31348
31357
31366
31375
31384
31393
31402
31411
31420
31429
31437
31442
31450
31458
31467
31476
31485
31494
31503
31511
31521
31529
31538
31547
31556
31564
31571
31578
31587
31595
31603
31651
31659
31668
31677
31686
31695
31704
31713
31722
31731
31740
31749
31758
31767
31776
31785
31794
31803
31812
31821
31830
31839
31848
31857
31866
31875
31884
31893
31902
31911
31920
31929
31938
31947
31956
31965
31974
31983
31992
32001
32010
32019
32028
32037
32046
32055
32064
32073
32082
32091
32100
32109
32117
32126
32135
32144
32152
32160
32171
32180
32189
32198
32207
32216
32225
32234
32243
32252
32261
32270
32279
32288
32297
32306
32315
32325
32333
32344
32353
32362
32373
32381
32384
32394
32403
32412
32421
32430
32439
32448
32456
32467
32478
32487
32496
32505
32513
32521
32528
32537
32573
32579
32585
32589
32600
32609
32618
32627
32636
32645
32654
32663
32672
32681
32690
32699
32708
32717
32726
32735
32744
32753
32762
32771
32780
32789
32798
32807
32816
32825
32834
32843
32852
32861
32870
32879
32888
32897
32906
32915
32924
32933
32942
32951
32960
32969
32977
32985
32994
33003
33012
33021
33030
33039
33047
33053
33060
33069
33078
33087
33096
33105
33114
33123
33132
33141
33150
33159
33168
33177
33186
33195
33203
33211
33217
33225
33234
33243
33252
33261
33270
33279
33287
33295
33302
33306
33315
33324
33333
33341
33349
33354
33362
33371
33380
33389
33398
33407
33416
33424
33461
33469
33475
33485
33491
33498
33508
33516
33525
33534
33543
33552
33561
33570
33579
33588
33597
33606
33615
33624
33633
33642
33651
33660
33669
33678
33687
33696
33705
33714
33723
33732
33741
33750
33759
33768
33777
33786
33795
33804
33813
33822
33831
33840
33849
33858
33866
33874
33877
33886
33895
33904
33913
33922
33930
33940
33949
33958
33967
33976
33985
33994
34003
34012
34021
34030
34039
34048
34057
34066
34075
34084
34093
34102
34111
34119
34125
34134
34143
34152
34161
34170
34179
34188
34196
34199
34210
34219
34227
34235
34238
34249
34258
34267
34276
34285
34294
34303
34312
34320
34360
34369
34378
34386
34394
34398
34405
34413
34424
34432
34441
34450
34459
34468
34477
34486
34495
34504
34513
34522
34531
34540
34549
34558
34567
34576
34585
34594
34603
34612
34621
34630
34639
34648
34657
34666
34675
34684
34693
34702
34711
34720
34729
34738
34747
34756
34764
34776
34784
34793
34802
34811
34820
34828
34836
34843
34854
34863
34872
34881
34890
34899
34908
34917
34926
34935
34944
34953
34962
34971
34980
34989
34998
35007
35015
35023
35032
35041
35050
35059
35068
35076
35084
35091
35099
35108
35116
35124
35131
35140
35149
35158
35167
35176
35185
35194
35203
35211
35222
35230
35266
35275
35283
35292
35299
35308
35316
35324
35329
35341
35350
35359
35368
35377
35386
35395
35404
35413
35422
35431
35440
35449
35458
35467
35476
35485
35494
35503
35512
35521
35530
35539
35548
35557
35566
35575
35584
35593
35602
35611
35620
35629
35638
35647
35656
35665
35675
35687
35696
35705
35714
35722
35730
35738
35747
35756
35765
35774
35783
35792
35801
35810
35819
35828
35837
35846
35855
35864
35873
35882
35891
35900
35908
35922
35931
35940
35949
35958
35967
35976
35984
35994
36003
36012
36020
36028
36034
36043
36052
36061
36070
36079
36088
36097
36105
36113
36115
36125
36134
36143
36172
36180
36188
36193
36203
36211
36216
36228
36237
36246
36255
36264
36273
36282
36291
36300
36309
36318
36327
36336
36345
36354
36363
36372
36381
36390
36399
36408
36417
36426
36435
36444
36453
36462
36471
36480
36489
36498
36507
36516
36525
36534
36544
36552
36566
36574
36583
36592
36601
36610
36619
36628
36637
36646
36655
36664
36673
36682
36691
36700
36709
36718
36727
36736
36745
36754
36763
36772
36781
36790
36799
36809
36817
36824
36835
36844
36853
36862
36870
36878
36882
36891
36900
36909
36918
36927
36936
36945
36953
36961
36967
36976
36985
36994
37003
37012
37021
37029
37040
37049
37085
37095
37104
37112
37120
37130
37138
37147
37156
37165
37174
37183
37192
37201
37210
37219
37228
37237
37246
37255
37264
37273
37282
37291
37300
37309
37318
37327
37336
37345
37354
37363
37372
37381
37390
37399
37408
37417
37426
37435
37444
37452
37460
37471
37480
37489
37497
37505
37512
37516
37525
37534
37543
37552
37561
37570
37579
37588
37597
37606
37615
37624
37633
37642
37651
37660
37669
37678
37687
37696
37705
37713
37721
37727
37736
37746
37754
37762
37770
37778
37787
37796
37805
37814
37823
37832
37841
37849
37857
37862
37870
37878
37887
37896
37905
37914
37922
37930
37945
37954
38007
38017
38025
38033
38041
38050
38059
38068
38077
38086
38095
38104
38113
38122
38131
38140
38149
38158
38167
38176
38185
38194
38203
38212
38221
38230
38239
38248
38257
38266
38275
38284
38293
38302
38311
38320
38329
38338
38347
38355
38363
38367
38374
38383
38392
38400
38411
38418
38427
38436
38445
38454
38463
38472
38481
38490
38499
38508
38517
38526
38535
38544
38553
38562
38571
38580
38589
38597
38605
38611
38619
38628
38637
38645
38653
38655
38663
38672
38681
38690
38699
38708
38717
38726
38734
38741
38746
38755
38764
38773
38782
38791
38800
38809
38818
38827
38835
38843
38850
38858
38903
38909
38915
38923
38932
38941
38950
38959
38968
38977
38986
38995
39004
39013
39022
39031
39040
39049
39058
39067
39076
39085
39094
39103
39112
39121
39130
39139
39148
39157
39166
39175
39184
39193
39202
39211
39220
39229
39241
39249
39257
39265
39274
39283
39291
39302
39309
39318
39327
39336
39345
39354
39363
39372
39381
39390
39399
39408
39417
39426
39435
39444
39453
39462
39471
39480
39489
39498
39509
39517
39531
39539
39547
39555
39566
39574
39583
39592
39601
39610
39618
39625
39632
39641
39650
39659
39668
39677
39686
39695
39704
39713
39722
39731
39741
39749
39757
39763
39771
39780
39812
39816
39824
39831
39836
39848
39868
39877
39886
39895
39904
39913
39922
39931
39940
39949
39958
39967
39976
39985
39994
40003
40012
40021
40030
40039
40048
40057
40066
40075
40084
40093
40102
40111
40120
40129
40138
40146
40153
40161
40166
40174
40182
40190
40199
40208
40217
40226
40235
40244
40253
40262
40271
40280
40289
40298
40307
40316
40325
40334
40343
40352
40361
40370
40379
40388
40397
40405
40418
40427
40436
40444
40450
40459
40468
40477
40486
40495
40502
40510
40518
40525
40534
40543
40552
40561
40570
40579
40588
40597
40606
40615
40624
40631
40639
40647
40660
40668
40677
40686
40715
40722
40730
40737
40742
40755
40761
40771
40780
40789
40798
40807
40816
40825
40834
40843
40852
40861
40870
40879
40888
40897
40906
40915
40924
40933
40942
40951
40960
40969
40978
40987
40996
41005
41014
41023
41033
41041
41049
41056
41068
41076
41084
41090
41101
41110
41119
41128
41137
41146
41155
41164
41173
41182
41191
41200
41209
41218
41227
41236
41245
41254
41263
41272
41281
41290
41299
41307
41314
41319
41326
41334
41341
41352
41361
41370
41379
41388
41396
41405
41411
41424
41433
41442
41451
41460
41469
41478
41487
41496
41505
41514
41523
41532
41541
41550
41559
41567
41574
41583
41620
41630
41634
41644
41653
41662
41671
41680
41689
41698
41707
41716
41725
41734
41743
41752
41761
41770
41779
41788
41797
41806
41815
41824
41833
41842
41851
41860
41869
41878
41887
41896
41905
41914
41923
41932
41940
41953
41962
41971
41979
41983
41995
42004
42013
42022
42031
42040
42049
42058
42067
42076
42085
42094
42103
42112
42121
42130
42139
42148
42157
42166
42175
42184
42193
42202
42210
42221
42227
42235
42243
42251
42258
42266
42275
42284
42293
42301
42309
42317
42325
42333
42342
42351
42360
42369
42378
42387
42396
42405
42414
42423
42432
42440
42448
42454
42461
42470
42479
42488
42523
42530
42539
42546
42554
42561
42568
42576
42585
42594
42603
42612
42621
42630
42639
42648
42657
42666
42675
42684
42693
42702
42711
42720
42729
42738
42747
42756
42765
42774
42783
42792
42801
42810
42819
42828
42836
42844
42852
42860
42869
42877
42885
42896
42903
42912
42921
42930
42939
42948
42957
42966
42975
42984
42993
43002
43011
43020
43029
43038
43047
43056
43065
43074
43084
43092
43100
43107
43116
43124
43132
43140
43149
43158
43167
43176
43185
43193
43201
43209
43218
43227
43236
43245
43254
43263
43272
43281
43290
43299
43308
43316
43330
43338
43347
43356
43365
43374
43383
43392
43430
43439
43447
43455
43462
43466
43474
43481
43490
43499
43508
43517
43526
43535
43544
43553
43562
43571
43580
43589
43598
43607
43616
43625
43634
43643
43652
43661
43670
43679
43688
43697
43706
43715
43724
43733
43742
43750
43758
43763
43770
43777
43788
43796
43805
43814
43823
43832
43841
43850
43859
43868
43877
43886
43895
43904
43913
43922
43931
43940
43949
43958
43967
43976
43984
43992
43998
44009
44017
44025
44033
44044
44052
44061
44070
44078
44086
44092
44098
44107
44116
44125
44134
44143
44152
44161
44170
44179
44188
44196
44204
44213
44216
44224
44233
44242
44251
44260
44269
44278
44317
44326
44335
44344
44352
44360
44367
44372
44380
44393
44401
44410
44419
44428
44437
44446
44455
44464
44473
44482
44491
44500
44509
44518
44527
44536
44545
44554
44563
44572
44581
44590
44599
44608
44617
44626
44635
44643
44651
44658
44670
44679
44687
44695
44701
44708
44717
44726
44735
44744
44753
44762
44771
44780
44789
44798
44807
44816
44825
44834
44843
44852
44861
44870
44879
44887
44894
44903
44912
44921
44929
44937
44944
44952
44961
44970
44978
44986
44994
45000
45008
45017
45026
45035
45044
45053
45062
45071
45080
45089
45098
45106
45114
45128
45137
45146
45155
45164
45173
45182
45218
45227
45236
45245
45253
45261
45273
45277
45288
45296
45302
45309
45318
45327
45336
45345
45354
45363
45372
45381
45390
45399
45408
45417
45426
45435
45444
45453
45462
45471
45480
45489
45498
45507
45516
45525
45534
45543
45551
45559
45568
45572
45578
45584
45596
45604
45612
45621
45630
45639
45648
45657
45666
45675
45684
45693
45702
45711
45720
45729
45738
45747
45755
45763
45771
45778
45786
45795
45804
45813
45822
45829
45837
45845
45851
45859
45868
45877
45885
45893
45901
45909
45916
45925
45934
45943
45952
45961
45970
45979
45988
45997
46005
46013
46020
46027
46033
46042
46051
46060
46092
46101
46110
46119
46128
46136
46144
46152
46156
46165
46171
46177
46185
46197
46206
46215
46224
46233
46242
46251
46260
46269
46278
46287
46296
46305
46314
46323
46332
46341
46350
46359
46368
46377
46386
46395
46404
46413
46422
46431
46440
46449
46457
46465
46473
46484
46491
46499
46507
46515
46522
46529
46538
46547
46556
46565
46574
46583
46592
46601
46610
46619
46628
46637
46646
46654
46665
46672
46681
46690
46699
46708
46717
46726
46734
46747
46752
46761
46770
46779
46788
46797
46804
46812
46820
46831
46840
46849
46858
46867
46876
46885
46894
46903
46912
46920
46928
46935
46942
46951
46989
46998
47007
47015
47023
47031
47042
47049
47058
47067
47076
47085
47093
47101
47109
47118
47127
47136
47145
47154
47163
47172
47181
47190
47199
47208
47217
47226
47235
47244
47253
47262
47271
47280
47289
47298
47307
47316
47325
47334
47343
47352
47361
47369
47377
47387
47391
47398
47407
47415
47426
47435
47444
47453
47462
47471
47480
47489
47498
47507
47516
47525
47534
47543
47551
47559
47567
47574
47585
47594
47603
47611
47619
47625
47632
47641
47650
47659
47668
47677
47686
47695
47703
47711
47719
47725
47731
47740
47749
47758
47767
47776
47785
47794
47803
47811
47819
47824
47832
47841
47879
47888
47897
47906
47914
47922
47935
47944
47953
47962
47971
47980
47989
47998
48006
48014
48022
48028
48037
48046
48055
48064
48073
48082
48091
48100
48109
48118
48127
48136
48145
48154
48163
48172
48181
48190
48199
48208
48217
48226
48235
48244
48253
48264
48272
48280
48288
48292
48298
48307
48316
48324
48332
48343
48352
48361
48370
48379
48388
48397
48406
48415
48424
48433
48441
48449
48457
48463
48472
48481
48492
48500
48508
48517
48522
48531
48540
48549
48558
48567
48576
48585
48594
48603
48612
48620
48628
48635
48643
48652
48661
48670
48679
48688
48697
48706
48714
48722
48731
48740
48779
48788
48797
48805
48813
48819
48832
48841
48850
48859
48868
48877
48886
48895
48903
48911
48919
48926
48937
48946
48955
48964
48973
48982
48991
49000
49009
49018
49027
49036
49045
49054
49063
49072
49081
49090
49099
49108
49117
49126
49135
49144
49153
49162
49171
49179
49187
49199
49208
49217
49226
49234
49242
49250
49258
49267
49276
49285
49294
49303
49312
49321
49330
49339
49347
49354
49361
49368
49377
49386
49395
49404
49412
49423
49429
49438
49447
49456
49465
49474
49483
49492
49500
49508
49516
49527
49536
49545
49554
49563
49572
49583
49591
49599
49612
49621
49630
49639
49648
49657
49693
49702
49711
49720
49728
49736
49745
49754
49763
49772
49781
49790
49798
49806
49818
49824
49833
49842
49851
49860
49869
49878
49887
49896
49905
49914
49923
49932
49941
49950
49959
49968
49977
49986
49995
50004
50013
50022
50031
50040
50049
50058
50067
50075
50082
50089
50097
50106
50115
50124
50133
50141
50149
50158
50167
50176
50185
50194
50203
50212
50221
50230
50238
50246
50253
50259
50268
50277
50286
50294
50302
50310
50318
50326
50335
50344
50353
50362
50371
50380
50389
50397
50405
50413
50422
50431
50440
50449
50458
50467
50476
50485
50494
50502
50510
50517
50526
50535
50544
50553
50589
50598
50607
50616
50625
50633
50646
50655
50664
50673
50682
50691
50700
50708
50716
50731
50740
50749
50758
50767
50776
50785
50794
50803
50812
50821
50830
50839
50848
50857
50866
50875
50884
50893
50902
50911
50920
50929
50938
50947
50956
50964
50972
50980
50988
50996
51005
51014
51023
51031
51039
51047
51055
51064
51073
51082
51091
51100
51109
51118
51127
51135
51143
51156
51165
51174
51183
51192
51200
51208
51214
51221
51231
51240
51248
51256
51264
51272
51281
51290
51296
51304
51312
51319
51326
51335
51344
51353
51362
51371
51380
51389
51398
51406
51414
51423
51428
51437
51446
51455
51492
51501
51510
51519
51528
51537
51545
51553
51563
51569
51579
51588
51596
51604
51612
51620
51629
51638
51647
51656
51665
51674
51683
51692
51701
51710
51719
51728
51737
51746
51755
51764
51773
51782
51791
51800
51809
51818
51827
51836
51845
51854
51863
51872
51880
51888
51896
51904
51913
51922
51930
51938
51949
51958
51967
51976
51985
51994
52003
52012
52021
52030
52038
52046
52055
52063
52074
52082
52090
52098
52106
52115
52124
52133
52142
52151
52160
52169
52178
52187
52196
52204
52212
52224
52233
52242
52251
52260
52269
52278
52287
52296
52304
52312
52326
52332
52341
52350
52359
52368
52397
52406
52415
52424
52433
52440
52448
52456
52462
52469
52476
52484
52492
52501
52514
52523
52532
52541
52550
52559
52568
52577
52586
52595
52604
52613
52622
52631
52640
52649
52658
52667
52676
52685
52694
52703
52712
52721
52730
52739
52748
52757
52765
52772
52779
52786
52795
52804
52813
52820
52828
52840
52847
52856
52865
52874
52883
52892
52901
52910
52919
52928
52937
52946
52954
52962
52966
52973
52980
52988
52997
53006
53015
53024
53033
53042
53051
53060
53069
53078
53087
53096
53105
53113
53121
53129
53139
53145
53154
53163
53172
53181
53190
53199
53208
53216
53224
53231
53240
53249
53284
53292
53301
53310
53319
53328
53337
53346
53354
53362
53369
53376
53390
53398
53406
53409
53418
53427
53436
53445
53454
53463
53472
53481
53490
53499
53508
53517
53526
53535
53544
53553
53562
53571
53580
53589
53598
53607
53616
53625
53634
53643
53652
53661
53669
53677
53685
53688
53699
53708
53716
53724
53732
53740
53749
53758
53767
53776
53785
53794
53803
53812
53821
53830
53839
53847
53855
53864
53873
53882
53890
53898
53906
53914
53923
53932
53941
53950
53959
53968
53977
53986
53995
54004
54013
54022
54030
54038
54048
54056
54065
54073
54081
54089
54097
54104
54113
54122
54131
54140
54179
54188
54197
54206
54215
54224
54233
54242
54250
54258
54268
54277
54285
54293
54301
54304
54314
54323
54332
54341
54350
54359
54368
54377
54386
54395
54404
54413
54422
54431
54440
54449
54458
54467
54476
54485
54494
54503
54512
54521
54530
54539
54548
54557
54566
54574
54582
54590
54593
54601
54608
54616
54624
54632
54640
54647
54656
54665
54674
54683
54692
54701
54710
54719
54728
54737
54745
54753
54761
54771
54779
54788
54797
54805
54813
54826
54835
54844
54853
54862
54871
54880
54889
54898
54905
54913
54920
54931
54940
54949
54958
54967
54975
54983
54989
55002
55011
55020
55029
55038
55077
55086
55095
55104
55113
55122
55131
55140
55149
55158
55166
55173
55180
55187
55194
55201
55213
55222
55231
55240
55249
55258
55267
55276
55285
55294
55303
55312
55321
55330
55339
55348
55357
55366
55375
55384
55393
55402
55411
55420
55429
55438
55447
55456
55465
55473
55481
55489
55502
55512
55520
55528
55536
55543
55551
55560
55569
55578
55587
55596
55605
55614
55623
55632
55641
55650
55658
55666
55671
55677
55686
55694
55702
55710
55718
55726
55735
55744
55753
55762
55771
55780
55789
55798
55806
55814
55820
55828
55837
55846
55855
55864
55872
55880
55888
55896
55908
55917
55926
55935
55971
55980
55989
55998
56007
56016
56025
56034
56043
56052
56061
56069
56077
56084
56091
56098
56104
56111
56118
56127
56136
56145
56154
56163
56172
56181
56190
56199
56208
56217
56226
56235
56244
56253
56262
56271
56280
56289
56298
56307
56316
56325
56334
56343
56352
56361
56370
56378
56386
56394
56400
56410
56418
56426
56434
56438
56444
56453
56462
56471
56480
56489
56498
56507
56516
56525
56534
56543
56552
56560
56568
56576
56591
56600
56609
56617
56625
56629
56636
56643
56652
56661
56670
56679
56688
56696
56704
56717
56726
56735
56744
56753
56762
56770
56778
56785
56793
56802
56811
56820
56860
56869
56878
56887
56896
56905
56914
56923
56932
56941
56950
56959
56968
56977
56987
56994
57001
57008
57016
57030
57039
57048
57057
57066
57075
57084
57093
57102
57111
57120
57129
57138
57147
57156
57165
57174
57183
57192
57201
57210
57219
57228
57237
57246
57255
57264
57272
57280
57286
57294
57303
57311
57315
57323
57332
57341
57350
57359
57368
57377
57386
57395
57404
57413
57422
57431
57440
57449
57458
57466
57474
57482
57488
57499
57510
57518
57525
57533
57542
57551
57560
57568
57576
57584
57595
57602
57611
57620
57629
57638
57649
57657
57665
57675
57684
57693
57702
57711
57720
57729
57768
57777
57786
57795
57804
57813
57822
57831
57840
57849
57858
57867
57876
57885
57894
57903
57911
57918
57926
57931
57937
57951
57960
57969
57978
57987
57996
58005
58014
58023
58032
58041
58050
58059
58068
58077
58086
58095
58104
58113
58122
58131
58140
58149
58158
58166
58173
58179
58186
58192
58197
58204
58211
58218
58227
58236
58245
58254
58263
58272
58281
58290
58299
58308
58317
58326
58335
58344
58353
58361
58369
58376
58384
58393
58401
58409
58417
58427
58434
58443
58452
58461
58469
58477
58484
58491
58500
58509
58518
58527
58536
58544
58552
58560
58575
58584
58593
58602
58611
58620
58657
58666
58675
58684
58693
58702
58711
58720
58729
58738
58747
58756
58765
58774
58783
58792
58801
58809
58817
58828
58836
58844
58858
58867
58876
58885
58894
58903
58912
58921
58930
58939
58948
58957
58966
58975
58984
58993
59002
59011
59020
59029
59038
59047
59056
59064
59072
59079
59086
59093
59102
59111
59119
59125
59134
59143
59152
59161
59170
59179
59188
59197
59206
59215
59224
59233
59242
59250
59258
59265
59274
59283
59292
59301
59309
59317
59325
59331
59343
59351
59359
59367
59378
59386
59395
59404
59413
59422
59431
59440
59449
59457
59465
59473
59480
59488
59497
59506
59515
59524
59562
59571
59580
59589
59598
59607
59616
59625
59634
59643
59652
59661
59670
59679
59688
59697
59706
59714
59722
59730
59737
59742
59747
59752
59759
59767
59778
59787
59796
59805
59814
59823
59832
59841
59850
59859
59868
59877
59886
59895
59904
59913
59922
59931
59940
59949
59958
59967
59976
59984
59992
59999
60006
60014
60021
60030
60038
60047
60056
60065
60074
60083
60092
60101
60110
60119
60127
60135
60141
60149
60158
60167
60176
60184
60191
60200
60209
60218
60227
60236
60245
60253
60261
60269
60278
60287
60296
60305
60314
60323
60332
60341
60350
60359
60368
60377
60385
60394
60403
60412
60456
60465
60474
60483
60492
60501
60510
60519
60528
60537
60546
60555
60564
60573
60582
60591
60600
60609
60617
60625
60633
60640
60646
60654
60662
60671
60681
60690
60699
60708
60717
60726
60735
60744
60753
60762
60771
60780
60789
60798
60807
60816
60825
60834
60843
60852
60861
60870
60879
60888
60897
60907
60915
60922
60932
60939
60948
60956
60964
60973
60982
60991
61000
61009
61018
61026
61034
61042
61050
61059
61067
61075
61083
61089
61097
61106
61115
61124
61133
61141
61149
61160
61171
61180
61189
61198
61207
61216
61225
61234
61243
61251
61259
61269
61279
61288
61297
61306
61315
61324
61363
61372
61381
61390
61399
61408
61417
61426
61435
61444
61453
61462
61471
61480
61489
61498
61506
61514
61522
61528
61536
61545
61554
61564
61572
61580
61587
61593
61602
61611
61620
61629
61638
61647
61656
61665
61674
61683
61692
61701
61710
61719
61728
61737
61746
61755
61764
61773
61782
61791
61800
61808
61816
61822
61826
61834
61841
61849
61857
61864
61870
61879
61888
61897
61906
61915
61923
61931
61939
61953
61960
61968
61976
61985
61990
61999
62008
62017
62026
62035
62044
62052
62062
62071
62080
62089
62098
62107
62116
62125
62134
62143
62151
62158
62166
62174
62181
62189
62198
62207
62253
62262
62271
62280
62289
62298
62307
62316
62325
62334
62343
62352
62361
62370
62379
62388
62398
62406
62414
62425
62435
62444
62453
62461
62469
62479
62487
62496
62505
62514
62523
62532
62541
62550
62559
62568
62577
62586
62595
62604
62613
62622
62631
62640
62649
62658
62667
62676
62685
62694
62702
62710
62720
62728
62737
62745
62753
62761
62768
62781
62790
62799
62808
62817
62825
62833
62846
62852
62861
62870
62878
62886
62896
62905
62914
62922
62930
62939
62945
62954
62963
62972
62981
62990
62999
63008
63017
63026
63035
63044
63052
63060
63068
63083
63092
63101
63110
63119
63128
63137
63179
63188
63197
63206
63215
63224
63233
63242
63251
63260
63269
63278
63287
63296
63304
63312
63320
63327
63336
63345
63353
63361
63367
63375
63383
63392
63401
63410
63419
63428
63437
63446
63455
63464
63473
63482
63491
63500
63509
63518
63527
63536
63545
63554
63563
63572
63581
63589
63597
63606
63615
63624
63633
63642
63651
63660
63668
63676
63684
63689
63700
63709
63718
63726
63734
63742
63747
63754
63763
63772
63780
63788
63796
63804
63816
63822
63830
63838
63848
63857
63866
63875
63884
63893
63902
63911
63920
63929
63938
63947
63956
63964
63972
63975
63985
63994
64003
64012
64021
64030
64065
64073
64082
64091
64100
64109
64118
64127
64136
64145
64154
64163
64172
64181
64190
64198
64206
64214
64222
64235
64244
64252
64260
64268
64278
64286
64295
64304
64313
64322
64331
64340
64349
64358
64367
64376
64385
64394
64403
64412
64421
64430
64439
64448
64457
64466
64474
64482
64494
64503
64512
64521
64530
64539
64548
64558
64564
64572
64580
64584
64595
64604
64613
64624
64632
64640
64644
64654
64663
64671
64679
64694
64704
64713
64722
64731
64739
64747
64755
64761
64769
64778
64787
64796
64805
64814
64823
64832
64841
64850
64859
64867
64875
64887
64897
64906
64915
64924
64933
64942
64980
64989
64998
65007
65016
65025
65034
65043
65052
65061
65070
65079
65087
65095
65103
65109
65116
65124
65132
65140
65146
65154
65163
65172
65181
65190
65199
65208
65217
65226
65235
65244
65253
65262
65271
65280
65289
65298
65307
65316
65325
65334
65343
65352
65361
65370
65379
65388
65396
65404
65412
65421
65430
65439
65448
65457
65466
65474
65482
65490
65498
65508
65517
65525
65533
65541
65548
65554
65561
65568
65576
65583
65591
65600
65609
65618
65627
65636
65644
65652
65660
65669
65678
65687
65696
65705
65714
65723
65732
65741
65750
65759
65773
65781
65789
65797
65804
65812
65821
65830
65870
65879
65888
65897
65906
65915
65924
65933
65942
65951
65960
65969
65977
65985
65996
66004
66013
66021
66029
66037
66044
66047
66057
66066
66075
66084
66093
66102
66111
66120
66129
66138
66147
66156
66165
66174
66183
66192
66201
66210
66219
66228
66237
66246
66255
66264
66273
66282
66291
66299
66307
66313
66320
66329
66338
66347
66356
66365
66374
66382
66390
66398
66413
66422
66431
66439
66447
66450
66458
66463
66475
66483
66491
66502
66511
66520
66529
66538
66546
66554
66562
66570
66581
66590
66599
66608
66617
66626
66635
66644
66653
66660
66668
66676
66682
66687
66695
66704
66713
66722
66761
66770
66779
66788
66797
66806
66815
66824
66833
66842
66851
66860
66869
66878
66886
66894
66902
66909
66914
66923
66932
66940
66953
66962
66971
66980
66989
66998
67007
67016
67025
67034
67043
67052
67061
67070
67079
67088
67097
67106
67115
67124
67133
67142
67151
67160
67169
67177
67185
67198
67207
67216
67225
67234
67243
67252
67261
67270
67278
67286
67294
67304
67313
67322
67331
67339
67347
67351
67358
67364
67372
67380
67388
67396
67404
67413
67422
67431
67439
67447
67455
67463
67477
67485
67494
67503
67512
67521
67530
67539
67548
67556
67564
67572
67575
67583
67592
67601
67610
67619
67654
67663
67672
67681
67690
67699
67708
67717
67726
67735
67744
67753
67762
67771
67780
67789
67797
67805
67812
67818
67827
67837
67844
67853
67862
67871
67880
67889
67898
67907
67916
67925
67934
67943
67952
67961
67970
67979
67988
67997
68006
68015
68024
68033
68042
68051
68060
68069
68078
68091
68099
68107
68115
68121
68129
68138
68147
68156
68165
68174
68185
68193
68201
68214
68222
68230
68238
68246
68253
68260
68270
68278
68286
68292
68300
68309
68318
68327
68336
68344
68352
68359
68371
68380
68389
68398
68407
68416
68425
68434
68444
68452
68460
68468
68478
68487
68496
68505
68514
68523
68564
68573
68582
68591
68600
68609
68618
68627
68636
68645
68654
68663
68672
68681
68689
68697
68707
68718
68730
68738
68747
68755
68764
68773
68782
68791
68800
68809
68818
68827
68836
68845
68854
68863
68872
68881
68890
68899
68908
68917
68926
68935
68944
68953
68962
68971
68980
68989
68998
69007
69015
69023
69033
69038
69047
69055
69063
69071
69076
69084
69093
69101
69109
69117
69121
69127
69136
69145
69154
69163
69171
69179
69188
69197
69206
69215
69224
69239
69248
69257
69266
69275
69284
69293
69302
69311
69320
69329
69338
69347
69356
69364
69372
69384
69392
69401
69410
69419
69428
69437
69476
69485
69494
69503
69512
69521
69530
69539
69548
69557
69566
69575
69584
69593
69602
69611
69619
69627
69635
69642
69648
69655
69664
69671
69678
69687
69696
69705
69714
69723
69732
69741
69750
69759
69768
69777
69786
69795
69804
69813
69822
69831
69840
69849
69858
69867
69876
69885
69894
69902
69910
69918
69925
69932
69941
69949
69957
69965
69971
69979
69988
69997
70005
70013
70020
70029
70038
70047
70056
70065
70073
70081
70086
70095
70105
70113
70121
70132
70141
70150
70159
70168
70177
70186
70195
70204
70213
70222
70231
70240
70248
70256
70271
70280
70289
70298
70307
70316
70325
70334
70375
70384
70393
70402
70411
70420
70429
70438
70447
70456
70465
70474
70483
70492
70501
70510
70519
70527
70533
70541
70548
70556
70563
70570
70577
70585
70593
70602
70611
70620
70629
70638
70647
70656
70665
70674
70683
70692
70701
70710
70719
70728
70737
70746
70755
70764
70773
70782
70791
70800
70808
70816
70826
70835
70844
70853
70861
70874
70882
70889
70899
70907
70915
70922
70931
70940
70949
70957
70965
70973
70981
70990
70999
71008
71016
71024
71032
71040
71049
71058
71067
71076
71085
71094
71103
71112
71121
71130
71139
71147
71155
71162
71168
71179
71188
71197
71206
71215
71224
71233
71271
71280
71289
71298
71307
71316
71325
71334
71343
71352
71361
71370
71379
71388
71397
71406
71415
71424
71432
71440
71448
71459
71468
71475
71483
71492
71501
71510
71519
71528
71537
71546
71555
71564
71573
71582
71591
71600
71609
71618
71627
71636
71645
71654
71663
71672
71681
71690
71699
71708
71716
71724
71731
71738
71748
71755
71763
71773
71781
71790
71798
71806
71816
71824
71833
71842
71850
71858
71866
71872
71881
71890
71899
71908
71917
71925
71932
71940
71949
71958
71967
71976
71985
71994
72003
72012
72021
72030
72039
72048
72057
72065
72073
72081
72090
72099
72108
72117
72126
72135
72170
72179
72188
72197
72206
72215
72224
72233
72242
72251
72260
72269
72278
72287
72296
72305
72317
72325
72333
72340
72347
72356
72364
72372
72377
72385
72394
72403
72412
72421
72430
72439
72448
72457
72466
72475
72484
72493
72502
72511
72520
72529
72538
72547
72556
72565
72574
72583
72592
72601
72610
72620
72628
72636
72643
72649
72660
72667
72675
72683
72691
72704
72712
72720
72729
72738
72746
72754
72762
72770
72779
72788
72797
72805
72813
72821
72828
72835
72844
72853
72862
72871
72880
72889
72898
72907
72916
72925
72934
72943
72952
72960
72968
72979
72987
72996
73005
73014
73023
73032
73064
73073
73082
73091
73100
73109
73118
73127
73136
73145
73154
73163
73172
73181
73190
73200
73208
73216
73224
73231
73242
73250
73258
73270
73279
73288
73297
73306
73315
73324
73333
73342
73351
73360
73369
73378
73387
73396
73405
73414
73423
73432
73441
73450
73459
73468
73477
73486
73495
73504
73513
73521
73529
73537
73544
73553
73561
73569
73577
73584
73592
73601
73610
73618
73626
73634
73641
73645
73652
73660
73668
73672
73678
73687
73696
73704
73712
73720
73734
73743
73752
73761
73770
73779
73788
73797
73806
73815
73824
73833
73841
73849
73856
73864
73873
73882
73891
73900
73909
73918
73962
73971
73980
73989
73998
74007
74016
74025
74034
74043
74052
74061
74070
74079
74088
74097
74106
74114
74122
74128
74133
74137
74146
74154
74162
74169
74178
74187
74196
74205
74214
74223
74232
74241
74250
74259
74268
74277
74286
74295
74304
74313
74322
74331
74340
74349
74358
74367
74376
74385
74394
74403
74412
74421
74430
74438
74446
74457
74465
74474
74482
74490
74498
74507
74516
74523
74531
74539
74546
74550
74557
74562
74569
74573
74586
74595
74603
74611
74619
74631
74640
74649
74658
74667
74676
74685
74694
74703
74712
74721
74729
74736
74744
74753
74762
74771
74780
74789
74798
74807
74833
74842
74851
74860
74869
74878
74887
74896
74905
74914
74923
74932
74941
74950
74959
74968
74977
74986
74995
75004
75013
75021
75029
75037
75046
75050
75057
75060
75072
75080
75088
75098
75107
75116
75125
75134
75143
75152
75161
75170
75179
75188
75197
75206
75215
75224
75233
75242
75251
75260
75269
75278
75287
75296
75305
75314
75323
75333
75341
75349
75357
75364
75372
75380
75388
75395
75402
75411
75420
75429
75437
75445
75453
75463
75471
75479
75489
75497
75506
75516
75524
75532
75540
75548
75557
75566
75575
75584
75593
75602
75611
75619
75626
75634
75643
75652
75661
75670
75679
75688
75728
75737
75746
75755
75764
75773
75782
75791
75800
75809
75818
75827
75836
75845
75854
75863
75872
75881
75890
75899
75908
75916
75924
75932
75942
75949
75958
75966
75974
75980
75988
75997
76006
76015
76024
76033
76042
76051
76060
76069
76078
76087
76096
76105
76114
76123
76132
76141
76150
76159
76168
76177
76186
76195
76204
76213
76222
76231
76239
76247
76255
76263
76272
76280
76288
76296
76302
76312
76323
76331
76339
76353
76362
76374
76383
76392
76401
76410
76419
76427
76435
76443
76453
76462
76471
76480
76489
76498
76506
76514
76526
76537
76546
76555
76564
76573
76582
76591
76600
76609
76651
76660
76669
76678
76687
76696
76705
76714
76723
76732
76741
76750
76759
76768
76777
76786
76795
76803
76811
76821
76829
76838
76847
76856
76864
76872
76882
76892
76901
76910
76919
76928
76937
76946
76955
76964
76973
76982
76991
77000
77009
77018
77027
77036
77045
77054
77063
77072
77081
77090
77099
77108
77117
77126
77135
77143
77151
77159
77164
77173
77183
77191
77198
77207
77216
77225
77233
77241
77248
77257
77261
77269
77277
77284
77292
77301
77310
77319
77327
77335
77343
77347
77354
77363
77372
77381
77390
77399
77407
77415
77423
77430
77438
77447
77456
77465
77474
77483
77492
77501
77544
77553
77562
77571
77580
77589
77598
77607
77616
77625
77634
77643
77652
77661
77670
77679
77687
77697
77706
77715
77724
77733
77741
77750
77759
77768
77777
77786
77795
77804
77813
77822
77831
77840
77849
77858
77867
77876
77885
77894
77903
77912
77921
77930
77939
77948
77957
77966
77975
77984
77993
78002
78011
78020
78029
78038
78047
78055
78066
78073
78080
78087
78094
78102
78110
78119
78128
78137
78145
78153
78162
78169
78177
78184
78190
78200
78209
78217
78224
78232
78242
78251
78260
78269
78278
78287
78296
78305
78314
78322
78330
78338
78341
78350
78359
78368
78377
78386
78395
78404
78429
78438
78447
78456
78465
78474
78483
78492
78501
78510
78519
78528
78537
78546
78555
78564
78573
78582
78590
78598
78605
78613
78619
78627
78636
78642
78651
78660
78669
78678
78687
78696
78705
78714
78723
78732
78741
78750
78759
78768
78777
78786
78795
78804
78813
78822
78831
78840
78849
78858
78867
78876
78885
78894
78903
78912
78921
78930
78939
78948
78957
78966
78973
78981
78989
78996
79003
79009
79016
79024
79034
79042
79053
79060
79066
79074
79082
79089
79098
79107
79116
79124
79132
79140
79146
79156
79165
79174
79183
79192
79201
79210
79218
79226
79234
79239
79246
79255
79264
79273
79313
79322
79331
79340
79349
79358
79367
79376
79385
79394
79403
79412
79421
79430
79439
79448
79457
79466
79474
79482
79492
79499
79506
79514
79522
79527
79534
79543
79552
79561
79570
79579
79588
79597
79606
79615
79624
79633
79642
79651
79660
79669
79678
79687
79696
79705
79714
79723
79732
79741
79750
79759
79768
79777
79786
79795
79804
79813
79822
79831
79840
79849
79858
79867
79876
79885
79893
79901
79909
79917
79925
79933
79947
79955
79963
79976
79984
79990
79999
80008
80017
80026
80035
80044
80053
80062
80071
80080
80089
80098
80107
80115
80122
80130
80138
80142
80148
80157
80166
80175
80217
80226
80235
80244
80253
80262
80271
80280
80289
80298
80307
80316
80325
80334
80343
80352
80360
80368
80376
80383
80391
80400
80408
80416
80431
80440
80449
80458
80467
80476
80485
80494
80503
80512
80521
80530
80539
80548
80557
80566
80575
80584
80593
80602
80611
80620
80629
80638
80647
80656
80665
80674
80683
80692
80701
80710
80719
80728
80737
80746
80755
80764
80773
80782
80791
80799
80806
80814
80820
80830
80841
80850
80857
80866
80875
80883
80889
80897
80903
80912
80917
80923
80929
80938
80947
80956
80965
80974
80983
80992
81001
81010
81018
81026
81034
81042
81050
81059
81068
81077
81121
81130
81139
81148
81157
81166
81175
81184
81193
81202
81211
81220
81229
81238
81247
81255
81263
81271
81280
81282
81291
81299
81306
81313
81322
81331
81340
81349
81358
81367
81376
81385
81394
81403
81412
81421
81430
81439
81448
81457
81466
81475
81484
81493
81502
81511
81520
81529
81538
81547
81556
81565
81574
81583
81592
81601
81610
81619
81628
81637
81646
81654
81662
81670
81678
81686
81695
81703
81711
81719
81727
81736
81745
81754
81763
81772
81780
81788
81796
81807
81813
81824
81831
81838
81845
81852
81861
81870
81879
81888
81897
81905
81913
81921
81931
81940
81949
81958
81967
81976
82012
82021
82030
82039
82048
82057
82066
82075
82084
82093
82102
82111
82120
82129
82138
82147
82156
82164
82172
82180
82184
82196
82205
82213
82222
82231
82240
82249
82258
82267
82276
82285
82294
82303
82312
82321
82330
82339
82348
82357
82366
82375
82384
82393
82402
82411
82420
82429
82438
82447
82456
82465
82474
82483
82492
82501
82510
82519
82528
82537
82546
82554
82562
82571
82581
82589
82597
82605
82615
82620
82629
82638
82647
82656
82665
82673
82681
82689
82702
82710
82719
82727
82734
82741
82748
82758
82765
82771
82782
82791
82799
82807
82815
82822
82829
82837
82846
82855
82864
82873
82908
82917
82926
82935
82944
82953
82962
82971
82980
82989
82998
83007
83016
83025
83034
83043
83052
83061
83070
83077
83084
83094
83101
83110
83116
83125
83134
83143
83152
83161
83170
83179
83188
83197
83206
83215
83224
83233
83242
83251
83260
83269
83278
83287
83296
83305
83314
83323
83332
83341
83350
83359
83368
83377
83386
83395
83404
83413
83422
83431
83440
83448
83456
83467
83473
83480
83487
83494
83498
83506
83516
83525
83534
83543
83551
83559
83567
83573
83579
83587
83596
83605
83614
83623
83632
83641
83648
83655
83662
83669
83686
83694
83704
83712
83720
83728
83740
83749
83758
83767
83801
83810
83819
83828
83837
83846
83855
83864
83873
83882
83891
83900
83909
83918
83927
83936
83947
83955
83961
83968
83975
83981
83991
84002
84011
84020
84029
84038
84047
84056
84065
84074
84083
84092
84101
84110
84119
84128
84137
84146
84155
84164
84173
84182
84191
84200
84209
84218
84227
84236
84245
84254
84263
84272
84281
84290
84299
84308
84317
84326
84335
84344
84353
84361
84369
84375
84384
84391
84398
84404
84412
84420
84429
84437
84445
84453
84460
84469
84478
84487
84496
84505
84514
84523
84532
84541
84550
84562
84569
84576
84583
84590
84595
84604
84612
84620
84627
84633
84642
84651
84691
84700
84709
84718
84727
84736
84745
84754
84763
84772
84781
84790
84799
84808
84817
84826
84835
84844
84852
84859
84866
84874
84883
84891
84904
84914
84923
84932
84941
84950
84959
84968
84977
84986
84995
85004
85013
85022
85031
85040
85049
85058
85067
85076
85085
85094
85103
85112
85121
85130
85139
85148
85157
85166
85175
85184
85193
85202
85211
85220
85229
85238
85247
85256
85264
85271
85278
85285
85291
85297
85304
85308
85318
85325
85333
85341
85348
85357
85366
85375
85384
85393
85402
85411
85420
85429
85438
85447
85456
85465
85474
85485
85491
85496
85502
85513
85520
85529
85537
85545
85602
85611
85620
85629
85638
85647
85656
85665
85674
85683
85692
85701
85710
85719
85727
85735
85743
85752
85756
85764
85772
85780
85789
85798
85807
85816
85825
85834
85843
85852
85861
85870
85879
85888
85897
85906
85915
85924
85933
85942
85951
85960
85969
85978
85987
85996
86005
86014
86023
86032
86041
86050
86059
86068
86077
86086
86095
86104
86113
86122
86131
86140
86149
86157
86165
86173
86181
86188
86195
86206
86212
86224
86232
86243
86249
86256
86265
86274
86283
86292
86301
86310
86319
86328
86337
86346
86355
86364
86372
86382
86391
86399
86407
86414
86421
86430
86438
86447
86456
86465
86494
86503
86512
86521
86530
86539
86548
86557
86566
86575
86584
86593
86602
86611
86621
86629
86637
86644
86652
86661
86669
86677
86684
86692
86701
86710
86719
86728
86737
86746
86755
86764
86773
86782
86791
86800
86809
86818
86827
86836
86845
86854
86863
86872
86881
86890
86899
86908
86917
86926
86935
86944
86953
86962
86971
86980
86989
86998
87007
87016
87025
87034
87043
87052
87062
87070
87084
87093
87104
87112
87119
87132
87141
87150
87159
87168
87177
87186
87195
87204
87213
87222
87231
87240
87249
87257
87265
87273
87281
87290
87301
87308
87315
87322
87329
87334
87340
87349
87358
87367
87399
87408
87417
87426
87435
87444
87453
87462
87471
87480
87489
87498
87507
87515
87523
87530
87539
87548
87557
87565
87573
87584
87593
87602
87611
87620
87629
87638
87647
87656
87665
87674
87683
87692
87701
87710
87719
87728
87737
87746
87755
87764
87773
87782
87791
87800
87809
87818
87827
87836
87845
87854
87863
87872
87881
87890
87899
87908
87917
87926
87935
87944
87953
87962
87970
87978
87986
87989
87998
88006
88013
88020
88027
88035
88043
88052
88061
88070
88079
88088
88097
88106
88115
88124
88133
88146
88154
88162
88170
88179
88188
88197
88206
88215
88223
88230
88236
88241
88248
88255
88297
88306
88315
88324
88333
88342
88351
88360
88369
88378
88387
88397
88405
88413
88422
88431
88440
88449
88457
88464
88471
88481
88490
88499
88508
88517
88526
88535
88544
88553
88562
88571
88580
88589
88598
88607
88616
88625
88634
88643
88652
88661
88670
88679
88688
88697
88706
88715
88724
88733
88742
88751
88760
88769
88778
88787
88796
88805
88814
88823
88832
88841
88850
88859
88868
88876
88884
88892
88902
88910
88918
88925
88933
88941
88949
88958
88967
88976
88985
88994
89003
89012
89021
89030
89039
89048
89056
89064
89073
89082
89091
89100
89108
89116
89124
89133
89142
89150
89158
89166
89212
89221
89230
89239
89248
89257
89266
89275
89283
89291
89299
89308
89317
89326
89335
89344
89352
89360
89368
89378
89387
89396
89405
89414
89423
89432
89441
89450
89459
89468
89477
89486
89495
89504
89513
89522
89531
89540
89549
89558
89567
89576
89585
89594
89603
89612
89621
89630
89639
89648
89657
89666
89675
89684
89693
89702
89711
89720
89729
89738
89747
89756
89765
89774
89782
89790
89794
89805
89814
89821
89830
89836
89845
89853
89867
89876
89885
89894
89903
89912
89921
89929
89937
89944
89952
89961
89970
89979
89989
89998
90007
90016
90025
90034
90043
90052
90061
90070
90079
90088
90122
90131
90140
90148
90156
90164
90172
90177
90185
90194
90203
90212
90221
90230
90239
90248
90257
90265
90273
90281
90290
90299
90308
90317
90326
90335
90344
90353
90362
90371
90380
90389
90398
90407
90416
90425
90434
90443
90452
90461
90470
90479
90488
90497
90506
90515
90524
90533
90542
90551
90560
90569
90578
90587
90596
90605
90614
90623
90632
90641
90650
90658
90667
90676
90685
90694
90702
90711
90720
90729
90738
90747
90756
90764
90772
90782
90791
90800
90809
90818
90827
90836
90845
90853
90861
90869
90880
90888
90897
90906
90915
90924
90933
90942
90951
90960
90969
90978
90986
90994
91027
91036
91045
91054
91063
91071
91079
91087
91095
91104
91113
91122
91131
91140
91149
91158
91167
91175
91182
91192
91201
91210
91219
91228
91237
91246
91255
91264
91273
91282
91291
91300
91309
91318
91327
91336
91345
91354
91363
91372
91381
91390
91399
91408
91417
91426
91435
91444
91453
91462
91471
91480
91489
91498
91507
91516
91525
91533
91541
91550
91559
91568
91576
91584
91592
91602
91610
91619
91628
91637
91646
91655
91664
91672
91680
91686
91695
91704
91713
91722
91731
91739
91748
91755
91763
91771
91779
91786
91794
91803
91812
91821
91830
91839
91848
91857
91866
91875
91883
91891
91914
91923
91932
91941
91950
91959
91968
91977
91989
91997
92005
92014
92023
92032
92041
92050
92059
92068
92076
92084
92092
92101
92110
92119
92128
92137
92146
92155
92164
92173
92182
92191
92200
92209
92218
92227
92236
92245
92254
92263
92272
92281
92290
92299
92308
92317
92326
92335
92344
92353
92362
92371
92380
92389
92398
92407
92416
92425
92434
92442
92449
92456
92465
92474
92483
92492
92500
92508
92515
92523
92532
92541
92550
92559
92570
92578
92587
92595
92604
92613
92622
92631
92640
92649
92658
92667
92675
92683
92691
92701
92710
92719
92728
92737
92746
92755
92764
92773
92782
92790
92819
92828
92837
92846
92855
92864
92873
92881
92889
92895
92903
92912
92921
92930
92939
92948
92957
92966
92975
92983
92991
92999
93009
93018
93027
93036
93045
93054
93063
93072
93081
93090
93099
93108
93117
93126
93135
93144
93153
93162
93171
93180
93189
93198
93207
93216
93225
93234
93243
93252
93261
93270
93279
93288
93297
93306
93315
93324
93333
93341
93349
93357
93366
93375
93384
93393
93401
93409
93415
93424
93433
93442
93451
93460
93469
93478
93487
93495
93504
93512
93519
93526
93535
93544
93553
93562
93570
93578
93586
93599
93608
93617
93626
93635
93644
93653
93662
93670
93679
93688
93739
93748
93757
93766
93775
93783
93791
93799
93808
93817
93826
93835
93844
93853
93862
93871
93880
93889
93897
93905
93913
93916
93926
93935
93944
93953
93962
93971
93980
93989
93998
94007
94016
94025
94034
94043
94052
94061
94070
94079
94088
94097
94106
94115
94124
94133
94142
94151
94160
94169
94178
94187
94196
94205
94214
94223
94232
94240
94251
94260
94269
94278
94287
94295
94303
94311
94319
94328
94337
94346
94355
94364
94373
94381
94390
94399
94407
94417
94423
94432
94437
94445
94454
94463
94472
94481
94490
94501
94510
94519
94528
94537
94546
94554
94562
94571
94579
94588
94597
94606
94648
94657
94666
94674
94682
94691
94700
94709
94718
94727
94736
94745
94754
94763
94772
94781
94789
94798
94807
94816
94825
94834
94843
94852
94861
94870
94879
94888
94897
94906
94915
94924
94933
94942
94951
94960
94969
94978
94987
94996
95005
95014
95023
95032
95041
95050
95059
95068
95077
95086
95095
95104
95113
95122
95131
95140
95149
95158
95167
95176
95185
95196
95204
95212
95218
95225
95234
95243
95252
95261
95270
95279
95287
95295
95304
95312
95321
95330
95339
95348
95357
95366
95375
95384
95393
95401
95409
95417
95428
95435
95444
95453
95461
95469
95477
95483
95490
95499
95508
95517
95561
95569
95577
95585
95596
95605
95614
95623
95632
95641
95649
95657
95665
95673
95686
95695
95704
95713
95722
95731
95740
95749
95758
95767
95776
95785
95794
95803
95812
95821
95830
95839
95848
95857
95866
95875
95884
95893
95902
95911
95920
95929
95938
95947
95956
95965
95974
95983
95992
96001
96010
96019
96026
96034
96042
96056
96065
96074
96083
96092
96100
96108
96115
96123
96130
96139
96148
96157
96166
96176
96181
96188
96195
96207
96211
96219
96232
96241
96250
96259
96268
96277
96286
96294
96301
96309
96317
96321
96327
96336
96343
96351
96359
96372
96380
96389
96398
96407
96416
96425
96469
96477
96484
96496
96505
96514
96523
96532
96541
96550
96558
96566
96574
96584
96588
96597
96606
96615
96624
96633
96642
96651
96660
96669
96678
96687
96696
96705
96714
96723
96732
96741
96750
96759
96768
96777
96786
96795
96804
96813
96822
96831
96840
96849
96858
96867
96876
96885
96894
96903
96912
96921
96929
96937
96945
96953
96956
96964
96973
96982
96991
96999
97007
97015
97023
97031
97038
97047
97056
97065
97074
97083
97091
97099
97106
97116
97118
97127
97135
97139
97148
97157
97166
97175
97183
97191
97199
97207
97214
97224
97233
97242
