6
14
22
30
38
46
54
62
70
78
86
94
102
110
118
126
134
142
150
158
166
174
182
190
198
206
214
222
230
238
246
254
262
270
278
286
294
302
310
318
326
334
342
350
358
366
374
382
390
398
406
414
422
430
438
446
454
462
470
478
486
494
502
510
518
526
534
542
550
558
566
574
582
590
598
606
614
622
630
638
646
654
662
670
678
686
694
702
710
718
726
734
742
750
758
766
774
782
790
798
801
807
815
820
826
834
842
850
858
866
874
882
890
898
906
914
922
930
938
946
954
962
970
978
986
994
1002
1010
1018
1026
1034
1042
1050
1058
1066
1074
1082
1090
1098
1106
1114
1122
1130
1138
1146
1154
1162
1170
1178
1186
1194
1202
1210
1218
1226
1234
1242
1250
1258
1266
1274
1282
1290
1298
1306
1314
1322
1330
1338
1346
1354
1362
1370
1378
1386
1394
1402
1410
1418
1426
1434
1442
1450
1458
1466
1474
1482
1490
1498
1506
1514
1522
1530
1538
1546
1554
1562
1570
1578
1585
1609
1614
1619
1623
1627
1637
1645
1653
1661
1669
1677
1685
1693
1701
1709
1717
1725
1733
1741
1749
1757
1765
1773
1781
1789
1797
1805
1813
1821
1829
1837
1845
1853
1861
1869
1877
1885
1893
1901
1909
1917
1925
1933
1941
1949
1957
1965
1973
1981
1989
1997
2005
2013
2021
2029
2037
2045
2053
2061
2069
2077
2085
2093
2101
2109
2117
2125
2133
2141
2149
2157
2165
2173
2181
2189
2197
2205
2213
2221
2229
2237
2245
2253
2261
2269
2277
2285
2293
2301
2309
2317
2325
2333
2341
2349
2357
2365
2372
2378
2382
2407
2412
2414
2418
2423
2428
2433
2437
2442
2446
2450
2459
2472
2480
2488
2496
2504
2512
2520
2528
2536
2544
2552
2560
2568
2576
2584
2592
2600
2608
2616
2624
2632
2640
2648
2656
2664
2671
2679
2687
2695
2703
2711
2719
2727
2735
2743
2751
2759
2767
2775
2783
2791
2799
2807
2815
2823
2831
2839
2847
2855
2863
2871
2879
2887
2895
2903
2911
2919
2927
2935
2943
2951
2959
2967
2975
2983
2991
2999
3007
3015
3023
3031
3039
3047
3055
3063
3071
3079
3087
3095
3103
3111
3119
3127
3135
3143
3150
3161
3167
3203
3209
3215
3221
3225
3230
3233
3238
3244
3248
3253
3260
3270
3278
3286
3294
3302
3310
3318
3326
3334
3342
3350
3358
3366
3374
3382
3390
3398
3406
3414
3422
3430
3438
3446
3454
3462
3470
3478
3486
3494
3502
3510
3518
3526
3534
3542
3550
3558
3566
3574
3582
3590
3598
3606
3614
3622
3630
3638
3646
3654
3662
3670
3678
3686
3694
3702
3710
3718
3726
3734
3742
3750
3758
3766
3774
3782
3790
3798
3806
3814
3822
3830
3838
3846
3854
3862
3870
3878
3886
3894
3902
3910
3918
3926
3933
3938
3947
3955
3962
3998
4003
4010
4015
4021
4023
4031
4036
4045
4048
4053
4061
4070
4074
4085
4093
4101
4109
4117
4125
4133
4141
4149
4157
4165
4173
4181
4189
4197
4205
4213
4221
4229
4237
4245
4253
4261
4269
4277
4285
4293
4301
4309
4317
4325
4333
4341
4349
4357
4365
4373
4381
4389
4397
4405
4413
4421
4429
4437
4445
4453
4461
4469
4477
4485
4493
4501
4509
4517
4525
4533
4541
4549
4557
4565
4573
4581
4589
4597
4605
4613
4621
4629
4637
4645
4653
4661
4669
4677
4685
4693
4701
4708
4715
4725
4734
4742
4750
4758
4766
4815
4821
4827
4834
4840
4844
4849
4856
4863
4870
4877
4881
4888
4896
4904
4912
4920
4928
4936
4944
4952
4960
4968
4976
4984
4992
5000
5008
5016
5024
5032
5040
5048
5056
5064
5072
5080
5088
5096
5104
5112
5120
5128
5136
5144
5152
5160
5168
5176
5184
5192
5200
5208
5216
5224
5232
5240
5248
5256
5264
5272
5280
5288
5296
5304
5312
5320
5328
5336
5344
5352
5360
5368
5376
5384
5392
5400
5408
5416
5424
5432
5440
5448
5456
5464
5472
5480
5487
5494
5501
5509
5517
5525
5533
5541
5548
5552
5559
5567
5574
5607
5614
5621
5628
5634
5636
5644
5654
5657
5664
5668
5671
5676
5683
5692
5700
5708
5716
5724
5732
5740
5748
5756
5764
5772
5780
5788
5796
5804
5812
5820
5828
5836
5844
5852
5860
5868
5876
5884
5892
5900
5908
5916
5924
5932
5940
5948
5956
5964
5972
5980
5988
5996
6004
6012
6020
6028
6036
6044
6052
6060
6068
6076
6084
6092
6100
6108
6116
6124
6132
6140
6148
6156
6164
6172
6180
6188
6196
6204
6212
6220
6228
6236
6244
6252
6260
6268
6276
6284
6292
6300
6307
6314
6322
6330
6337
6344
6351
6364
6371
6402
6410
6418
6425
6434
6441
6448
6456
6461
6471
6481
6488
6496
6504
6512
6520
6528
6536
6544
6552
6560
6568
6576
6584
6592
6600
6608
6616
6624
6632
6640
6648
6656
6664
6672
6680
6688
6696
6704
6712
6720
6728
6736
6744
6752
6760
6768
6776
6784
6792
6800
6808
6816
6824
6832
6840
6848
6856
6864
6872
6880
6888
6896
6904
6912
6920
6928
6936
6944
6952
6960
6968
6976
6984
6992
7000
7008
7016
7024
7032
7040
7048
7056
7064
7072
7079
7083
7093
7101
7109
7117
7124
7133
7141
7149
7156
7163
7166
7174
7182
7207
7215
7222
7229
7238
7246
7254
7261
7267
7273
7277
7283
7289
7294
7305
7315
7323
7331
7339
7347
7355
7363
7371
7379
7387
7395
7403
7411
7419
7427
7435
7443
7451
7459
7467
7475
7483
7491
7499
7507
7515
7523
7531
7539
7547
7555
7563
7571
7579
7587
7595
7603
7611
7619
7627
7635
7643
7651
7659
7667
7675
7683
7691
7699
7707
7715
7723
7731
7739
7747
7755
7763
7771
7779
7787
7795
7803
7811
7819
7827
7835
7843
7851
7859
7867
7874
7880
7883
7889
7897
7905
7912
7922
7929
7937
7945
7953
7961
7968
7973
8001
8007
8013
8020
8033
8040
8048
8055
8062
8069
8077
8084
8090
8097
8103
8110
8117
8125
8133
8141
8149
8157
8165
8173
8181
8189
8197
8205
8213
8221
8229
8237
8245
8253
8261
8269
8277
8285
8293
8301
8309
8317
8325
8333
8341
8349
8357
8365
8373
8381
8389
8397
8405
8413
8421
8429
8437
8445
8453
8461
8469
8477
8485
8493
8501
8509
8517
8525
8533
8541
8549
8557
8565
8573
8581
8589
8597
8605
8613
8621
8629
8637
8645
8653
8661
8669
8676
8683
8689
8697
8703
8710
8715
8720
8724
8732
8740
8748
8755
8762
8789
8798
8805
8812
8819
8824
8831
8838
8845
8853
8861
8869
8876
8883
8889
8897
8904
8911
8918
8920
8926
8934
8942
8950
8958
8966
8974
8982
8990
8998
9021
9029
9037
9045
9053
9061
9069
9077
9085
9093
9101
9109
9117
9125
9133
9141
9149
9157
9165
9173
9181
9189
9197
9205
9213
9221
9229
9237
9245
9253
9261
9269
9277
9285
9293
9301
9309
9317
9325
9333
9341
9349
9357
9365
9373
9381
9389
9397
9405
9413
9421
9429
9437
9445
9453
9461
9469
9476
9483
9487
9494
9502
9510
9517
9520
9525
9532
9540
9548
9556
9599
9607
9614
9621
9623
9632
9640
9647
9659
9665
9669
9676
9680
9687
9695
9702
9715
9722
9730
9738
9746
9754
9762
9770
9778
9786
9794
9802
9810
9818
9826
9834
9842
9850
9858
9866
9874
9882
9890
9898
9906
9914
9922
9930
9938
9946
9954
9962
9970
9978
9986
9994
10002
10010
10018
10026
10034
10042
10050
10058
10066
10074
10082
10090
10098
10106
10114
10122
10130
10138
10146
10154
10162
10170
10178
10186
10194
10202
10210
10218
10226
10234
10242
10250
10258
10266
10274
10281
10288
10294
10304
10311
10317
10323
10332
10340
10348
10356
10364
10373
10411
10417
10423
10429
10437
10448
10454
10461
10468
10478
10483
10491
10499
10506
10511
10518
10526
10534
10542
10550
10558
10566
10574
10582
10590
10598
10606
10614
10622
10630
10638
10646
10654
10662
10670
10678
10686
10694
10702
10710
10718
10726
10734
10742
10750
10758
10766
10774
10782
10790
10798
10806
10814
10822
10830
10838
10846
10854
10862
10870
10878
10886
10894
10902
10910
10918
10926
10934
10942
10950
10958
10966
10974
10982
10990
10998
11006
11014
11022
11030
11038
11046
11054
11062
11069
11079
11085
11093
11101
11109
11116
11123
11126
11132
11141
11149
11157
11164
11171
11180
11215
11223
11230
11236
11242
11245
11253
11258
11262
11270
11283
11290
11298
11305
11314
11322
11330
11338
11346
11354
11362
11370
11378
11386
11394
11402
11410
11418
11426
11434
11442
11451
11459
11467
11475
11483
11491
11499
11507
11515
11523
11531
11539
11547
11555
11563
11571
11579
11587
11595
11603
11611
11619
11627
11635
11643
11651
11659
11667
11675
11683
11691
11699
11707
11715
11723
11731
11739
11747
11755
11763
11771
11779
11787
11795
11803
11811
11819
11827
11835
11843
11850
11856
11867
11875
11883
11891
11899
11907
11914
11925
11933
11941
11949
11956
11963
11968
11976
11984
11992
12017
12025
12032
12039
12045
12049
12056
12067
12074
12081
12088
12094
12101
12107
12115
12123
12131
12139
12147
12155
12163
12171
12179
12187
12195
12203
12211
12219
12227
12235
12243
12251
12259
12267
12275
12283
12291
12299
12307
12315
12323
12331
12339
12347
12355
12363
12371
12379
12387
12395
12403
12411
12419
12427
12435
12443
12451
12459
12467
12475
12483
12491
12499
12507
12515
12523
12531
12539
12547
12555
12563
12571
12579
12587
12595
12603
12611
12619
12627
12635
12643
12650
12657
12663
12673
12681
12689
12697
12705
12712
12721
12728
12736
12744
12752
12760
12768
12778
12784
12792
12824
12834
12843
12851
12859
12866
12873
12879
12882
12887
12893
12903
12910
12918
12926
12934
12942
12950
12958
12966
12974
12982
12990
12998
13006
13014
13022
13030
13038
13046
13054
13062
13070
13078
13086
13094
13102
13110
13118
13126
13134
13142
13150
13158
13166
13174
13182
13190
13198
13206
13214
13222
13230
13238
13246
13254
13262
13270
13278
13286
13294
13302
13310
13318
13326
13334
13342
13350
13358
13366
13374
13382
13390
13398
13406
13414
13422
13430
13438
13446
13453
13460
13467
13475
13483
13491
13499
13506
13513
13522
13531
13539
13547
13554
13561
13564
13572
13580
13588
13596
13634
13644
13652
13659
13665
13673
13680
13682
13688
13694
13701
13706
13715
13723
13731
13739
13747
13755
13763
13771
13779
13787
13795
13803
13811
13819
13827
13835
13843
13851
13859
13867
13875
13883
13891
13899
13907
13915
13923
13931
13939
13947
13955
13963
13971
13979
13987
13995
14003
14011
14019
14027
14035
14043
14051
14059
14067
14075
14083
14091
14099
14107
14115
14123
14131
14139
14147
14155
14163
14171
14179
14187
14195
14203
14211
14219
14227
14235
14243
14250
14257
14264
14274
14283
14291
14298
14305
14311
14319
14327
14335
14342
14349
14353
14363
14371
14379
14387
14395
14403
14430
14437
14444
14449
14458
14465
14469
14473
14482
14488
14494
14498
14501
14507
14515
14523
14531
14539
14547
14555
14563
14571
14579
14587
14595
14603
14611
14619
14627
14635
14643
14651
14659
14667
14675
14683
14691
14699
14707
14715
14723
14731
14739
14747
14755
14763
14771
14779
14787
14795
14803
14811
14819
14827
14835
14843
14851
14859
14867
14875
14883
14891
14899
14907
14915
14923
14931
14939
14947
14955
14963
14971
14979
14987
14995
15003
15011
15019
15027
15035
15043
15051
15059
15067
15074
15083
15094
15100
15107
15116
15121
15129
15136
15143
15152
15159
15167
15175
15183
15191
15223
15230
15237
15244
15245
15251
15264
15267
15274
15281
15288
15291
15296
15303
15310
15317
15326
15335
15343
15351
15359
15367
15375
15383
15391
15399
15407
15415
15423
15431
15439
15447
15455
15463
15471
15479
15487
15495
15503
15511
15519
15527
15535
15543
15551
15559
15567
15575
15583
15591
15599
15607
15615
15623
15630
15638
15646
15653
15669
15677
15685
15693
15701
15709
15717
15725
15733
15741
15749
15757
15765
15773
15781
15789
15797
15805
15813
15821
15829
15837
15845
15853
15861
15869
15877
15885
15893
15899
15905
15908
15913
15922
15931
15938
15945
15952
15957
15965
15973
15981
16010
16017
16024
16031
16037
16040
16046
16055
16061
16068
16074
16081
16089
16097
16105
16112
16119
16124
16132
16140
16148
16156
16164
16172
16180
16188
16196
16204
16212
16220
16228
16236
16244
16252
16260
16268
16276
16284
16292
16300
16308
16316
16324
16332
16340
16348
16356
16364
16372
16380
16388
16396
16404
16412
16420
16428
16436
16444
16453
16461
16469
16477
16485
16493
16501
16509
16517
16525
16533
16541
16549
16557
16565
16573
16581
16589
16597
16605
16613
16621
16629
16637
16645
16653
16661
16668
16675
16681
16688
16694
16701
16708
16715
16719
16728
16735
16742
16752
16761
16769
16801
16809
16817
16824
16835
16839
16847
16854
16861
16870
16878
16885
16892
16899
16908
16910
16918
16923
16929
16937
16945
16953
16961
16969
16977
16985
16993
17001
17009
17017
17025
17033
17041
17049
17057
17065
17073
17081
17089
17097
17105
17113
17121
17129
17137
17145
17153
17161
17169
17177
17185
17193
17201
17209
17217
17225
17233
17241
17249
17257
17265
17273
17282
17290
17298
17306
17313
17321
17329
17337
17345
17353
17361
17369
17377
17385
17393
17401
17409
17417
17425
17433
17441
17449
17457
17464
17471
17476
17483
17491
17499
17506
17518
17526
17533
17540
17547
17553
17559
17567
17599
17607
17614
17621
17631
17639
17648
17655
17662
17664
17674
17682
17689
17696
17703
17708
17716
17724
17732
17740
17748
17756
17764
17772
17780
17788
17796
17804
17812
17820
17828
17836
17844
17852
17860
17868
17876
17884
17892
17900
17908
17916
17924
17932
17940
17948
17956
17964
17972
17980
17988
17996
18004
18012
18020
18028
18036
18044
18052
18060
18068
18076
18084
18092
18100
18108
18116
18124
18132
18140
18148
18156
18164
18172
18180
18188
18196
18204
18212
18220
18228
18236
18244
18252
18260
18268
18275
18282
18289
18298
18306
18313
18320
18325
18332
18336
18344
18353
18361
18369
18397
18405
18412
18419
18430
18438
18445
18452
18462
18468
18476
18484
18494
18500
18506
18509
18517
18531
18539
18547
18555
18563
18571
18579
18587
18595
18603
18611
18619
18627
18635
18643
18651
18659
18667
18675
18683
18691
18699
18707
18715
18723
18731
18739
18747
18755
18763
18771
18779
18787
18795
18803
18811
18819
18827
18835
18843
18851
18859
18867
18875
18883
18891
18899
18907
18915
18923
18931
18939
18947
18955
18963
18971
18979
18987
18995
19003
19011
19019
19027
19035
19043
19051
19060
19067
19074
19080
19088
19096
19104
19111
19118
19120
19131
19137
19144
19151
19157
19164
19172
19200
19207
19215
19221
19227
19236
19239
19246
19252
19263
19271
19279
19286
19293
19299
19306
19312
19318
19324
19332
19340
19348
19356
19364
19372
19380
19388
19396
19404
19412
19420
19428
19436
19444
19452
19460
19468
19476
19484
19492
19500
19508
19516
19524
19532
19540
19548
19556
19564
19572
19580
19588
19596
19604
19612
19620
19628
19636
19644
19652
19660
19668
19676
19684
19692
19700
19708
19716
19724
19732
19740
19748
19756
19764
19772
19780
19788
19796
19804
19812
19820
19828
19836
19844
19852
19861
19868
19875
19879
19885
19893
19901
19908
19917
19925
19933
19941
19949
19956
19961
19999
20007
20015
20022
20029
20035
20042
20047
20054
20061
20068
20071
20075
20081
20089
20095
20101
20107
20115
20123
20131
20139
20147
20155
20163
20171
20179
20187
20195
20203
20211
20219
20227
20235
20243
20251
20259
20267
20275
20283
20291
20299
20307
20315
20323
20331
20339
20347
20355
20363
20371
20379
20387
20395
20403
20411
20419
20427
20435
20443
20451
20459
20467
20475
20483
20491
20499
20507
20515
20523
20531
20539
20547
20555
20563
20571
20579
20587
20595
20603
20611
20619
20627
20635
20643
20651
20658
20665
20674
20682
20690
20697
20704
20713
20721
20729
20736
20743
20752
20759
20788
20796
20804
20812
20820
20827
20834
20840
20846
20854
20862
20870
20878
20886
20893
20900
20906
20911
20918
20927
20935
20943
20951
20959
20967
20975
20983
20991
21000
21008
21016
21024
21032
21040
21048
21056
21064
21072
21080
21088
21096
21104
21112
21120
21128
21136
21144
21152
21160
21168
21176
21184
21192
21200
21208
21216
21224
21232
21240
21248
21256
21264
21272
21280
21288
21296
21304
21312
21320
21328
21336
21344
21352
21360
21368
21376
21384
21392
21400
21408
21416
21424
21432
21440
21448
21456
21462
21469
21476
21483
21491
21499
21507
21514
21523
21532
21540
21547
21554
21561
21605
21613
21620
21627
21633
21638
21647
21656
21664
21671
21678
21685
21693
21700
21708
21715
21722
21729
21736
21744
21752
21760
21768
21776
21784
21792
21800
21808
21815
21817
21825
21833
21841
21849
21857
21865
21873
21881
21889
21897
21905
21913
21921
21929
21937
21945
21953
21961
21969
21977
21985
21993
22001
22009
22017
22025
22033
22041
22049
22057
22065
22073
22081
22089
22097
22105
22113
22121
22129
22137
22145
22153
22161
22169
22177
22185
22193
22201
22209
22217
22225
22233
22241
22249
22256
22263
22271
22282
22289
22296
22305
22314
22322
22330
22338
22346
22354
22362
22369
22376
22408
22416
22424
22432
22438
22444
22447
22451
22457
22465
22469
22477
22484
22495
22503
22511
22518
22526
22530
22537
22545
22553
22561
22569
22577
22585
22593
22601
22609
22617
22625
22633
22641
22649
22657
22665
22673
22681
22689
22697
22705
22713
22721
22729
22737
22745
22753
22761
22769
22777
22785
22793
22801
22809
22817
22825
22833
22841
22849
22857
22865
22873
22881
22889
22897
22905
22913
22921
22929
22937
22945
22953
22961
22969
22977
22985
22993
23001
23009
23017
23025
23033
23041
23049
23056
23063
23070
23078
23086
23093
23100
23105
23110
23118
23126
23134
23142
23150
23157
23164
23208
23216
23224
23232
23239
23245
23253
23258
23264
23273
23280
23285
23294
23302
23309
23319
23329
23337
23345
23353
23361
23369
23377
23385
23393
23401
23409
23417
23425
23433
23441
23449
23457
23465
23473
23481
23489
23497
23505
23513
23521
23529
23537
23545
23553
23561
23569
23577
23585
23593
23601
23609
23617
23625
23633
23641
23649
23657
23665
23673
23681
23689
23697
23705
23713
23721
23729
23737
23745
23753
23761
23769
23777
23785
23793
23801
23809
23817
23825
23833
23841
23848
23855
23861
23869
23877
23885
23893
23900
23907
23914
23919
23929
23937
23945
23953
23959
23966
23969
23975
24012
24019
24025
24032
24044
24050
24057
24066
24072
24080
24087
24094
24099
24107
24115
24119
24126
24134
24142
24150
24158
24166
24174
24182
24190
24198
24206
24214
24222
24230
24238
24246
24254
24262
24270
24278
24286
24294
24302
24310
24318
24326
24334
24342
24350
24358
24366
24374
24382
24390
24398
24406
24414
24420
24427
24435
24443
24451
24459
24467
24475
24483
24491
24499
24507
24515
24523
24531
24539
24547
24555
24563
24571
24579
24587
24595
24603
24611
24619
24627
24635
24643
24650
24657
24664
24672
24680
24688
24694
24701
24710
24719
24727
24736
24743
24755
24760
24768
24776
24784
24811
24819
24826
24833
24840
24849
24856
24863
24870
24878
24881
24886
24893
24898
24903
24910
24916
24923
24930
24933
24943
24951
24959
24967
24975
24983
24991
24999
25007
25015
25023
25031
25039
25047
25055
25063
25071
25079
25087
25095
25103
25111
25119
25127
25135
25143
25151
25159
25167
25175
25183
25191
25199
25207
25215
25223
25231
25239
25247
25255
25263
25271
25279
25287
25295
25303
25311
25319
25327
25335
25343
25351
25359
25367
25375
25383
25391
25399
25407
25415
25423
25431
25438
25445
25452
25458
25465
25472
25480
25487
25493
25499
25505
25512
25520
25528
25535
25542
25546
25553
25590
25598
25606
25614
25622
25630
25636
25643
25650
25654
25668
25675
25681
25687
25696
25700
25706
25709
25714
25722
25727
25733
25746
25754
25762
25770
25778
25786
25794
25802
25810
25818
25826
25834
25842
25850
25858
25866
25874
25882
25890
25898
25906
25914
25922
25930
25938
25946
25954
25962
25970
25978
25986
25994
26002
26010
26018
26026
26034
26042
26050
26058
26066
26074
26082
26090
26098
26106
26114
26122
26130
26138
26146
26154
26162
26170
26178
26186
26194
26202
26210
26218
26226
26234
26242
26250
26259
26266
26272
26278
26283
26293
26297
26302
26308
26315
26322
26334
26344
26352
26383
26392
26400
26408
26415
26422
26430
26439
26447
26455
26463
26470
26477
26484
26489
26496
26505
26512
26519
26523
26528
26538
26545
26556
26563
26571
26579
26587
26595
26603
26611
26619
26627
26635
26643
26651
26659
26667
26675
26683
26691
26699
26707
26715
26723
26731
26739
26747
26755
26763
26771
26779
26787
26795
26803
26811
26819
26827
26835
26843
26851
26859
26867
26875
26883
26891
26899
26907
26915
26923
26931
26939
26947
26955
26963
26971
26979
26987
26995
27003
27011
27019
27027
27035
27043
27051
27058
27065
27075
27082
27090
27096
27104
27112
27120
27128
27135
27142
27147
27156
27190
27196
27203
27210
27218
27226
27234
27242
27250
27258
27266
27274
27281
27288
27294
27301
27305
27312
27316
27322
27329
27336
27343
27351
27360
27368
27376
27384
27392
27400
27408
27416
27424
27432
27440
27448
27456
27464
27472
27480
27488
27496
27504
27512
27520
27528
27536
27544
27552
27560
27568
27576
27584
27592
27600
27608
27616
27624
27632
27640
27648
27656
27664
27672
27680
27688
27696
27704
27712
27720
27728
27736
27744
27752
27760
27768
27776
27784
27792
27800
27808
27816
27824
27832
27840
27847
27856
27864
27872
27880
27887
27894
27896
27905
27913
27921
27929
27936
27944
27951
27992
28000
28008
28015
28022
28036
28044
28052
28060
28068
28075
28082
28088
28093
28099
28107
28113
28116
28122
28131
28138
28149
28157
28165
28173
28181
28189
28197
28205
28213
28221
28229
28237
28245
28253
28261
28269
28277
28285
28293
28301
28309
28317
28325
28333
28341
28349
28357
28365
28373
28381
28389
28397
28405
28413
28421
28429
28437
28445
28452
28459
28467
28475
28483
28490
28498
28506
28514
28522
28530
28538
28546
28548
28556
28564
28572
28580
28588
28596
28604
28612
28620
28628
28636
28643
28649
28656
28663
28670
28675
28681
28688
28695
28699
28709
28717
28725
28732
28738
28740
28784
28792
28800
28808
28815
28822
28832
28839
28847
28855
28863
28870
28877
28885
28892
28900
28907
28915
28923
28930
28937
28945
28950
28957
28965
28973
28981
28989
28997
29005
29013
29021
29029
29037
29045
29053
29061
29069
29077
29085
29093
29101
29109
29117
29125
29133
29141
29149
29157
29165
29173
29181
29189
29197
29205
29213
29221
29229
29237
29245
29253
29261
29269
29277
29285
29293
29301
29309
29317
29325
29333
29341
29349
29357
29365
29373
29381
29389
29397
29405
29413
29421
29429
29437
29445
29453
29460
29470
29477
29484
29491
29498
29507
29515
29522
29529
29538
29544
29552
29560
29568
29577
29585
29593
29601
29609
29616
29623
29628
29633
29642
29650
29658
29665
29672
29681
29689
29697
29705
29712
29719
29726
29731
29739
29746
29751
29758
29768
29776
29784
29792
29800
29808
29816
29824
29832
29840
29848
29856
29864
29872
29880
29888
29896
29904
29912
29920
29928
29936
29944
29952
29960
29968
29976
29984
29992
30000
30008
30016
30024
30032
30040
30048
30056
30064
30072
30080
30088
30096
30104
30112
30120
30128
30136
30144
30152
30160
30168
30176
30184
30192
30200
30208
30216
30224
30232
30240
30248
30256
30264
30271
30282
30286
30293
30300
30307
30314
30322
30329
30336
30375
30383
30391
30398
30405
30412
30419
30428
30436
30444
30451
30458
30463
30470
30478
30486
30494
30502
30510
30517
30524
30533
30543
30550
30557
30566
30575
30583
30591
30599
30607
30615
30623
30631
30639
30647
30655
30663
30671
30679
30687
30695
30703
30711
30719
30727
30735
30743
30751
30759
30767
30775
30783
30791
30799
30807
30815
30823
30831
30839
30847
30855
30863
30871
30879
30887
30895
30903
30911
30919
30927
30935
30943
30951
30959
30967
30975
30983
30991
30999
31007
31015
31023
31031
31039
31045
31052
31062
31069
31077
31085
31092
31099
31108
31116
31124
31132
31140
31147
31154
31187
31195
31203
31210
31217
31220
31226
31234
31242
31249
31255
31261
31268
31276
31284
31292
31300
31307
31314
31324
31334
31341
31348
31358
31363
31371
31379
31387
31395
31403
31411
31419
31427
31435
31443
31451
31459
31467
31475
31483
31491
31499
31507
31515
31523
31531
31539
31547
31555
31563
31571
31579
31587
31595
31603
31611
31619
31627
31635
31643
31651
31659
31667
31675
31683
31691
31699
31707
31715
31723
31731
31739
31747
31755
31763
31771
31779
31787
31795
31803
31811
31819
31827
31833
31840
31847
31854
31862
31870
31878
31886
31892
31899
31908
31912
31920
31928
31936
31944
31954
31991
31999
32007
32014
32021
32030
32038
32046
32054
32061
32068
32075
32082
32091
32099
32106
32113
32120
32124
32131
32139
32146
32153
32158
32172
32180
32188
32196
32204
32212
32220
32228
32236
32244
32252
32260
32268
32276
32284
32292
32300
32308
32316
32324
32332
32340
32348
32356
32364
32372
32380
32388
32396
32404
32412
32420
32428
32436
32444
32452
32460
32468
32476
32484
32492
32500
32508
32516
32524
32532
32540
32548
32556
32564
32572
32580
32588
32596
32604
32612
32619
32626
32633
32637
32644
32652
32660
32668
32676
32684
32690
32696
32702
32709
32717
32725
32733
32740
32747
32761
32795
32803
32810
32817
32822
32829
32832
32839
32849
32857
32864
32870
32877
32892
32900
32907
32914
32921
32927
32935
32942
32949
32956
32967
32975
32983
32991
32999
33007
33014
33021
33029
33037
33045
33053
33061
33070
33078
33086
33094
33102
33110
33118
33126
33134
33142
33150
33158
33166
33174
33182
33190
33198
33206
33214
33222
33230
33238
33246
33254
33262
33270
33278
33286
33294
33302
33310
33318
33326
33334
33342
33350
33358
33366
33374
33382
33390
33398
33407
33414
33421
33428
33435
33443
33451
33459
33467
33475
33483
33490
33497
33506
33513
33521
33529
33538
33545
33552
33557
33563
33592
33600
33608
33616
33624
33631
33638
33643
33649
33657
33664
33671
33678
33684
33690
33697
33706
33715
33723
33731
33739
33747
33755
33762
33769
33776
33781
33788
33796
33804
33812
33820
33828
33836
33844
33852
33860
33868
33876
33884
33892
33900
33908
33916
33924
33932
33940
33948
33956
33964
33972
33980
33988
33996
34004
34012
34020
34028
34036
34044
34052
34060
34068
34076
34084
34092
34100
34108
34116
34124
34132
34140
34148
34156
34164
34172
34180
34188
34195
34202
34211
34218
34226
34234
34242
34250
34258
34266
34275
34282
34289
34296
34303
34311
34319
34327
34336
34343
34350
34353
34393
34401
34409
34416
34423
34434
34442
34450
34458
34466
34473
34480
34486
34491
34493
34502
34508
34514
34521
34529
34537
34545
34553
34561
34568
34575
34583
34591
34599
34607
34615
34623
34631
34639
34647
34655
34663
34671
34679
34687
34695
34703
34711
34719
34727
34735
34743
34751
34759
34767
34775
34783
34791
34799
34807
34815
34823
34831
34839
34847
34855
34863
34871
34879
34887
34895
34903
34911
34919
34927
34935
34943
34951
34959
34967
34975
34983
34990
34998
35005
35014
35023
35031
35039
35047
35055
35063
35071
35079
35086
35093
35100
35108
35113
35120
35128
35135
35142
35149
35155
35190
35198
35206
35214
35221
35228
35232
35242
35250
35258
35266
35273
35280
35287
35291
35298
35305
35314
35321
35329
35337
35345
35354
35363
35371
35379
35387
35395
35403
35411
35419
35427
35435
35443
35451
35459
35467
35475
35483
35491
35499
35507
35515
35523
35531
35539
35547
35555
35563
35571
35579
35587
35595
35603
35611
35619
35627
35635
35643
35651
35659
35667
35675
35683
35691
35699
35707
35715
35723
35731
35739
35747
35755
35763
35771
35779
35786
35793
35802
35807
35815
35823
35831
35839
35847
35855
35863
35871
35879
35887
35895
35903
35910
35917
35924
35928
35937
35944
35951
35958
36006
36013
36020
36027
36032
36038
36046
36054
36062
36070
36078
36086
36093
36100
36116
36126
36134
36142
36149
36156
36161
36167
36175
36183
36191
36199
36207
36215
36223
36231
36239
36247
36255
36263
36271
36279
36287
36295
36303
36311
36319
36327
36335
36343
36351
36360
36368
36376
36384
36392
36400
36408
36416
36424
36432
36440
36448
36456
36464
36472
36480
36488
36496
36504
36512
36520
36528
36537
36544
36551
36560
36567
36575
36583
36591
36599
36607
36615
36623
36631
36639
36647
36655
36663
36671
36679
36687
36695
36703
36711
36719
36726
36733
36740
36748
36754
36760
36772
36780
36788
36829
36840
36848
36856
36864
36871
36878
36885
36893
36902
36909
36916
36918
36925
36928
36933
36940
36947
36955
36960
36968
36976
36984
36992
37000
37008
37016
37024
37032
37040
37048
37056
37064
37072
37080
37088
37096
37104
37112
37120
37128
37136
37144
37152
37160
37168
37176
37184
37192
37200
37208
37216
37224
37232
37240
37248
37256
37264
37272
37280
37288
37296
37304
37312
37320
37328
37335
37342
37349
37356
37364
37372
37380
37388
37396
37404
37412
37420
37428
37436
37444
37452
37460
37468
37476
37484
37492
37500
37508
37516
37524
37530
37536
37542
37549
37552
37560
37564
37571
37579
37616
37623
37630
37637
37651
37659
37667
37674
37681
37688
37696
37703
37710
37717
37722
37730
37737
37744
37757
37765
37773
37781
37789
37797
37805
37813
37821
37829
37837
37845
37853
37861
37869
37877
37885
37893
37901
37909
37917
37925
37933
37941
37949
37957
37965
37973
37981
37989
37997
38005
38013
38021
38029
38037
38045
38047
38055
38063
38071
38079
38087
38095
38103
38111
38119
38127
38134
38141
38148
38154
38160
38167
38175
38183
38191
38199
38207
38215
38223
38231
38239
38247
38255
38263
38271
38279
38287
38295
38303
38311
38319
38327
38334
38341
38348
38352
38357
38362
38368
38375
38420
38427
38434
38441
38447
38452
38460
38467
38472
38479
38485
38492
38499
38506
38509
38513
38520
38528
38536
38544
38552
38559
38566
38569
38580
38588
38596
38604
38612
38620
38628
38636
38644
38652
38660
38668
38676
38684
38692
38700
38708
38716
38724
38732
38740
38748
38756
38764
38772
38780
38788
38796
38804
38812
38820
38828
38836
38844
38852
38860
38868
38876
38884
38892
38900
38908
38916
38923
38930
38937
38946
38954
38962
38970
38978
38986
38994
39002
39010
39018
39026
39034
39042
39050
39058
39066
39074
39082
39090
39098
39106
39114
39122
39130
39137
39144
39150
39156
39158
39163
39198
39206
39214
39222
39230
39238
39246
39253
39259
39265
39272
39275
39286
39293
39300
39306
39313
39320
39328
39336
39344
39351
39359
39369
39377
39385
39393
39401
39409
39417
39425
39433
39441
39449
39457
39465
39473
39481
39489
39497
39505
39513
39521
39529
39537
39545
39553
39561
39569
39577
39585
39593
39601
39609
39617
39625
39633
39641
39649
39657
39665
39673
39681
39689
39697
39705
39713
39721
39730
39737
39744
39751
39758
39768
39776
39784
39792
39800
39808
39816
39824
39832
39840
39848
39856
39864
39872
39880
39888
39896
39904
39911
39919
39926
39933
39946
39954
39961
39968
39975
40011
40019
40027
40035
40042
40046
40050
40056
40062
40067
40071
40077
40084
40093
40100
40106
40113
40120
40122
40131
40142
40149
40156
40163
40166
40171
40179
40187
40195
40203
40211
40219
40227
40235
40243
40251
40259
40267
40275
40283
40291
40299
40307
40315
40323
40331
40339
40347
40355
40363
40371
40379
40387
40395
40403
40411
40419
40427
40435
40443
40451
40459
40467
40475
40483
40491
40499
40507
40515
40522
40528
40532
40537
40544
40552
40560
40568
40576
40584
40592
40600
40608
40616
40624
40632
40640
40648
40656
40664
40672
40680
40688
40696
40704
40712
40720
40729
40736
40743
40749
40797
40805
40813
40821
40829
40836
40843
40850
40860
40871
40878
40885
40893
40901
40910
40918
40925
40931
40936
40943
40948
40955
40962
40969
40983
40991
40999
41007
41015
41023
41031
41039
41047
41055
41063
41071
41079
41087
41095
41103
41111
41119
41127
41135
41143
41151
41159
41167
41175
41183
41191
41199
41207
41215
41223
41231
41239
41247
41255
41263
41271
41279
41287
41295
41303
41311
41318
41325
41334
41338
41342
41351
41359
41361
41370
41378
41386
41394
41402
41410
41418
41426
41434
41442
41450
41458
41466
41474
41482
41490
41498
41506
41514
41521
41528
41535
41541
41550
41560
41567
41609
41619
41626
41633
41640
41647
41652
41659
41667
41675
41682
41689
41696
41702
41706
41718
41725
41733
41735
41740
41746
41754
41760
41767
41775
41783
41791
41799
41807
41815
41823
41831
41839
41847
41855
41863
41871
41879
41887
41895
41903
41911
41919
41927
41935
41943
41951
41959
41967
41975
41983
41991
41999
42007
42015
42023
42031
42039
42047
42055
42063
42071
42079
42087
42094
42101
42108
42113
42120
42128
42136
42144
42152
42160
42168
42176
42184
42192
42200
42208
42216
42224
42232
42240
42248
42256
42264
42272
42280
42288
42296
42304
42312
42320
42328
42334
42341
42348
42354
42360
42417
42425
42432
42439
42446
42454
42458
42464
42472
42479
42486
42494
42502
42509
42516
42522
42528
42533
42536
42545
42559
42566
42574
42582
42590
42598
42606
42614
42622
42630
42638
42646
42654
42662
42670
42678
42686
42694
42702
42710
42718
42726
42734
42742
42750
42758
42766
42774
42782
42790
42798
42806
42814
42822
42830
42838
42846
42854
42862
42869
42876
42883
42892
42899
42907
42915
42923
42931
42939
42947
42955
42963
42971
42979
42987
42995
43003
43011
43019
43027
43035
43043
43051
43059
43067
43075
43083
43091
43099
43107
43115
43123
43131
43139
43147
43155
43161
43164
43170
43178
43234
43241
43248
43255
43263
43270
43277
43284
43288
43293
43300
43307
43314
43321
43328
43333
43340
43346
43353
43360
43367
43371
43376
43384
43392
43400
43408
43416
43424
43432
43440
43448
43456
43464
43472
43480
43488
43496
43504
43512
43520
43528
43536
43544
43552
43560
43568
43576
43584
43592
43600
43608
43616
43624
43632
43640
43649
43656
43664
43668
43673
43681
43689
43697
43705
43713
43721
43729
43737
43745
43753
43761
43769
43777
43785
43793
43801
43809
43817
43825
43833
43841
43849
43857
43865
43873
43881
43889
43897
43905
43913
43921
43929
43937
43945
43952
43959
43966
43979
43985
44030
44032
44039
44045
44051
44057
44064
44069
44075
44083
44091
44099
44106
44113
44120
44127
44131
44135
44140
44147
44154
44159
44164
44172
44180
44188
44196
44204
44212
44220
44228
44236
44244
44252
44260
44268
44276
44284
44292
44300
44308
44316
44324
44332
44340
44348
44356
44364
44372
44380
44388
44396
44404
44412
44420
44431
44438
44445
44452
44459
44464
44472
44480
44488
44496
44504
44512
44520
44528
44536
44544
44552
44560
44568
44576
44584
44592
44600
44608
44616
44624
44632
44640
44648
44656
44664
44672
44680
44688
44696
44704
44712
44720
44728
44736
44744
44754
44761
44768
44775
44821
44828
44837
44845
44852
44859
44865
44872
44879
44882
44887
44892
44898
44906
44911
44918
44924
44931
44939
44946
44953
44964
44972
44980
44988
44996
45004
45012
45020
45028
45036
45044
45052
45060
45068
45076
45084
45092
45100
45108
45116
45124
45132
45140
45148
45156
45164
45172
45180
45188
45196
45204
45212
45219
45226
45235
45241
45248
45256
45264
45272
45280
45288
45296
45304
45312
45320
45328
45336
45344
45352
45360
45368
45376
45384
45392
45398
45404
45411
45419
45427
45435
45443
45451
45459
45466
45474
45482
45490
45498
45506
45514
45522
45529
45536
45543
45549
45557
45566
45574
45607
45614
45621
45628
45635
45644
45652
45659
45665
45671
45678
45680
45689
45697
45706
45709
45717
45724
45735
45743
45751
45758
45765
45772
45783
45790
45798
45806
45814
45822
45830
45838
45846
45854
45862
45870
45878
45886
45894
45902
45910
45918
45926
45934
45942
45950
45958
45966
45974
45982
45990
45998
46006
46013
46020
46027
46032
46042
46050
46058
46066
46074
46082
46090
46098
46106
46114
46122
46130
46138
46146
46154
46162
46170
46178
46186
46194
46202
46210
46218
46226
46234
46242
46250
46258
46266
46274
46282
46290
46298
46306
46313
46320
46327
46334
46345
46353
46361
46369
46377
46422
46430
46438
46445
46452
46459
46470
46473
46477
46486
46493
46500
46506
46511
46519
46526
46533
46539
46547
46555
46562
46569
46576
46582
46587
46595
46603
46611
46619
46627
46635
46643
46651
46659
46667
46675
46683
46691
46699
46707
46715
46723
46731
46739
46747
46755
46763
46771
46779
46787
46795
46803
46810
46817
46824
46830
46836
46844
46852
46860
46868
46876
46884
46892
46900
46908
46916
46924
46932
46940
46948
46956
46964
46972
46980
46988
46997
47005
47013
47021
47029
47037
47045
47053
47061
47069
47077
47085
47093
47101
47110
47117
47124
47131
47133
47142
47150
47158
47166
47174
47216
47221
47226
47233
47240
47247
47254
47261
47268
47273
47279
47284
47292
47299
47306
47311
47317
47320
47327
47335
47344
47352
47359
47366
47373
47380
47386
47396
47404
47412
47420
47428
47436
47444
47452
47460
47468
47476
47484
47492
47500
47508
47516
47524
47532
47540
47548
47556
47564
47572
47580
47588
47596
47603
47610
47617
47624
47631
47639
47647
47655
47663
47671
47679
47687
47695
47703
47711
47719
47727
47735
47743
47751
47759
47767
47775
47783
47791
47799
47807
47815
47823
47831
47839
47847
47855
47863
47871
47879
47887
47894
47900
47907
47914
47921
47928
47933
47941
47949
47957
47998
48004
48011
48018
48025
48028
48040
48048
48056
48063
48070
48077
48081
48091
48099
48106
48112
48118
48123
48130
48134
48138
48146
48150
48158
48165
48172
48180
48188
48196
48204
48212
48220
48228
48236
48244
48252
48260
48268
48276
48284
48292
48300
48308
48316
48324
48332
48340
48348
48356
48364
48372
48380
48388
48396
48404
48411
48418
48425
48432
48435
48441
48450
48458
48466
48474
48482
48490
48498
48506
48514
48522
48530
48538
48546
48554
48562
48570
48578
48586
48594
48602
48610
48618
48626
48634
48642
48650
48658
48666
48674
48682
48690
48698
48704
48713
48720
48727
48736
48743
48783
48794
48801
48808
48814
48820
48828
48836
48844
48852
48860
48867
48874
48881
48884
48890
48898
48904
48912
48919
48926
48933
48938
48943
48945
48951
48957
48963
48969
48977
48984
48995
49003
49011
49019
49027
49035
49043
49051
49059
49067
49075
49083
49091
49099
49107
49115
49123
49131
49139
49147
49155
49163
49171
49179
49187
49195
49203
49211
49218
49225
49232
49237
49243
49250
49257
49264
49272
49278
49286
49294
49302
49310
49318
49326
49334
49342
49350
49358
49366
49374
49382
49390
49398
49406
49414
49422
49430
49438
49446
49454
49462
49470
49478
49486
49493
49500
49507
49515
49522
49563
49572
49578
49585
49592
49601
49610
49618
49626
49634
49642
49650
49656
49663
49670
49677
49679
49690
49697
49704
49711
49718
49725
49735
49743
49751
49758
49764
49770
49776
49785
49787
49794
49800
49807
49815
49823
49831
49839
49847
49855
49863
49871
49879
49887
49895
49903
49911
49919
49927
49935
49943
49951
49959
49967
49975
49983
49991
49999
50007
50015
50023
50031
50040
50047
50061
50069
50077
50085
50093
50101
50109
50117
50125
50133
50141
50149
50157
50165
50173
50181
50189
50197
50205
50213
50221
50229
50237
50245
50253
50261
50269
50277
50284
50291
50298
50305
50311
50319
50327
50364
50372
50379
50386
50393
50397
50403
50411
50419
50427
50435
50443
50451
50459
50466
50473
50479
50488
50495
50502
50509
50512
50521
50529
50537
50545
50553
50560
50567
50574
50581
50586
50592
50600
50607
50614
50622
50630
50638
50646
50654
50662
50670
50678
50686
50694
50702
50710
50718
50726
50734
50742
50750
50758
50766
50774
50782
50790
50798
50806
50814
50822
50829
50836
50843
50848
50855
50862
50870
50878
50886
50894
50902
50910
50918
50926
50934
50942
50950
50958
50966
50974
50982
50990
50998
51006
51014
51022
51030
51038
51046
51054
51062
51070
51077
51084
51090
51098
51106
51114
51156
51164
51171
51177
51184
51191
51194
51205
51213
51221
51229
51237
51245
51253
51260
51267
51274
51281
51288
51291
51297
51304
51311
51318
51324
51332
51340
51348
51356
51364
51372
51379
51384
51391
51397
51402
51407
51411
51417
51422
51432
51440
51448
51456
51464
51472
51480
51488
51496
51504
51512
51520
51528
51536
51551
51559
51567
51575
51583
51597
51605
51613
51621
51628
51635
51642
51647
51652
51660
51668
51676
51684
51692
51700
51708
51716
51724
51732
51740
51748
51756
51764
51772
51780
51788
51796
51804
51812
51820
51828
51836
51844
51852
51861
51868
51875
51878
51887
51895
51903
51931
51939
51947
51954
51961
51968
51974
51981
51989
51997
52005
52013
52021
52029
52037
52045
52053
52061
52068
52075
52082
52091
52092
52098
52104
52111
52117
52125
52133
52141
52149
52157
52165
52173
52181
52189
52197
52203
52209
52215
52221
52229
52238
52245
52252
52258
52266
52274
52282
52290
52298
52306
52314
52322
52330
52338
52346
52354
52362
52370
52378
52386
52394
52402
52410
52417
52424
52431
52438
52446
52454
52462
52470
52478
52486
52494
52502
52510
52518
52526
52534
52542
52550
52558
52566
52574
52582
52590
52598
52606
52614
52622
52630
52638
52646
52654
52662
52669
52676
52683
52727
52735
52742
52748
52755
52766
52772
52780
52788
52796
52804
52812
52820
52828
52836
52844
52852
52860
52868
52876
52883
52889
52895
52902
52908
52915
52921
52928
52935
52943
52951
52959
53004
53010
53016
53022
53030
53034
53041
53047
53055
53063
53071
53079
53087
53095
53103
53111
53119
53127
53135
53143
53151
53159
53167
53175
53183
53191
53198
53205
53212
53225
53228
53235
53243
53251
53259
53267
53275
53283
53291
53299
53307
53315
53323
53331
53339
53347
53355
53363
53371
53379
53387
53395
53403
53411
53419
53427
53435
53443
53452
53458
53465
53472
53481
53491
53499
53507
53515
53523
53565
53571
53578
53586
53594
53602
53610
53618
53626
53634
53642
53650
53658
53665
53672
53678
53687
53696
53702
53709
53717
53725
53734
53742
53750
53758
53766
53774
53782
53790
53798
53808
53814
53817
53823
53831
53837
53844
53848
53856
53864
53872
53880
53888
53896
53904
53912
53920
53928
53936
53944
53952
53960
53968
53976
53984
53992
53998
54005
54012
54019
54026
54034
54042
54050
54058
54066
54074
54082
54090
54098
54106
54114
54122
54130
54138
54146
54154
54162
54170
54178
54186
54194
54202
54210
54218
54226
54234
54241
54248
54255
54264
54272
54280
54288
54296
54304
54312
54320
54328
54374
54381
54393
54401
54409
54417
54425
54433
54441
54448
54455
54462
54470
54476
54483
54491
54498
54505
54512
54519
54528
54535
54543
54551
54559
54567
54575
54583
54591
54598
54605
54611
54618
54624
54630
54637
54643
54650
54658
54667
54674
54682
54690
54698
54706
54714
54722
54730
54738
54746
54754
54762
54770
54779
54786
54793
54800
54812
54820
54828
54836
54844
54852
54860
54868
54876
54884
54892
54900
54908
54916
54924
54932
54940
54948
54956
54964
54972
54980
54988
54996
55004
55012
55020
55028
55033
55040
55047
55056
55063
55071
55079
55087
55095
55103
55111
55119
55127
55135
55143
55185
55191
55195
55205
55213
55221
55229
55237
55245
55251
55258
55265
55268
55278
55284
55291
55298
55305
55313
55318
55325
55333
55341
55349
55357
55365
55373
55381
55389
55397
55405
55413
55420
55430
55437
55444
55450
55458
55466
55474
55482
55490
55498
55506
55514
55522
55530
55538
55546
55554
55562
55570
55578
55585
55592
55599
55608
55616
55624
55632
55640
55648
55656
55664
55672
55680
55688
55696
55704
55712
55720
55728
55736
55744
55752
55760
55768
55776
55784
55792
55800
55808
55816
55823
55830
55837
55844
55850
55858
55866
55874
55882
55890
55898
55906
55914
55922
55930
55938
55946
55992
56002
56012
56019
56027
56035
56043
56051
56058
56065
56072
56079
56081
56088
56095
56101
56108
56115
56122
56130
56138
56146
56154
56162
56170
56178
56186
56194
56201
56209
56215
56221
56226
56229
56238
56243
56257
56265
56273
56281
56289
56297
56305
56313
56321
56329
56337
56345
56353
56361
56369
56380
56387
56394
56401
56407
56414
56422
56430
56438
56446
56454
56462
56470
56478
56486
56494
56502
56510
56518
56526
56534
56542
56550
56558
56566
56574
56582
56590
56598
56606
56613
56620
56627
56638
56646
56654
56662
56670
56678
56686
56694
56702
56710
56718
56726
56734
56742
56750
56758
56804
56811
56816
56823
56831
56839
56847
56854
56861
56868
56871
56876
56884
56888
56895
56902
56909
56915
56925
56933
56941
56949
56957
56965
56973
56981
56989
56997
57005
57011
57016
57023
57029
57036
57043
57048
57054
57062
57070
57078
57086
57094
57102
57110
57118
57126
57134
57142
57150
57158
57166
57174
57180
57187
57194
57203
57209
57217
57225
57233
57241
57249
57257
57265
57273
57281
57289
57297
57305
57313
57321
57329
57337
57345
57353
57361
57369
57377
57385
57393
57401
57409
57416
57423
57430
57437
57444
57452
57460
57468
57476
57484
57492
57500
57508
57516
57524
57532
57540
57548
57585
57593
57601
57608
57615
57624
57638
57645
57652
57669
57677
57684
57691
57698
57707
57714
57722
57730
57738
57746
57754
57762
57770
57778
57786
57794
57802
57810
57820
57827
57833
57844
57849
57855
57858
57866
57874
57882
57890
57898
57906
57914
57922
57930
57938
57946
57954
57962
57970
57978
57985
57992
57999
58005
58012
58020
58028
58036
58044
58052
58060
58068
58076
58084
58092
58100
58108
58116
58124
58132
58140
58148
58156
58164
58172
58180
58187
58194
58201
58208
58215
58223
58231
58239
58247
58255
58263
58271
58279
58287
58295
58303
58311
58319
58327
58335
58343
58351
58359
58367
58413
58420
58431
58439
58446
58453
58460
58469
58474
58484
58490
58497
58504
58506
58512
58520
58528
58536
58544
58552
58560
58568
58576
58584
58592
58600
58608
58616
58623
58630
58636
58644
58646
58652
58659
58671
58679
58687
58695
58703
58711
58719
58727
58735
58743
58751
58759
58766
58773
58780
58787
58794
58801
58808
58816
58824
58832
58840
58848
58856
58864
58872
58880
58888
58896
58904
58912
58920
58928
58936
58944
58952
58960
58970
58977
58984
58991
58997
59003
59013
59021
59029
59037
59045
59053
59061
59069
59077
59085
59093
59101
59109
59117
59125
59133
59141
59149
59157
59165
59173
59216
59222
59229
59236
59244
59251
59258
59267
59274
59281
59288
59295
59300
59309
59317
59325
59333
59341
59349
59357
59365
59373
59381
59389
59397
59405
59411
59418
59425
59431
59437
59445
59451
59459
59466
59473
59481
59490
59498
59506
59514
59522
59530
59538
59546
59554
59561
59568
59575
59582
59591
59599
59607
59615
59623
59631
59639
59647
59655
59663
59671
59679
59687
59695
59703
59711
59719
59727
59735
59743
59751
59759
59766
59774
59781
59788
59793
59801
59809
59817
59825
59833
59841
59849
59857
59865
59873
59881
59889
59897
59905
59913
59921
59929
59937
59945
59953
59961
59969
59977
60010
60017
60024
60035
60043
60051
60059
60066
60073
60080
60091
60094
60101
60109
60117
60125
60133
60141
60149
60157
60165
60173
60181
60189
60196
60203
60210
60217
60219
60228
60236
60244
60252
60259
60266
60273
60277
60283
60291
60299
60307
60315
60323
60331
60339
60347
60354
60361
60368
60375
60379
60386
60394
60402
60410
60418
60426
60434
60442
60450
60458
60466
60474
60482
60490
60498
60506
60514
60522
60530
60538
60546
60553
60560
60567
60575
60582
60590
60598
60606
60614
60622
60630
60638
60646
60654
60662
60670
60678
60686
60694
60702
60710
60718
60726
60734
60742
60750
60758
60766
60813
60819
60824
60832
60839
60847
60855
60863
60869
60876
60883
60889
60895
60904
60916
60923
60931
60939
60947
60955
60963
60971
60979
60987
60995
61005
61014
61021
61028
61034
61037
61043
61051
61058
61065
61070
61079
61087
61095
61103
61111
61119
61127
61135
61143
61152
61159
61166
61177
61188
61196
61204
61212
61220
61228
61236
61244
61252
61259
61267
61275
61283
61291
61299
61307
61314
61321
61328
61336
61345
61353
61361
61369
61377
61385
61393
61401
61409
61417
61425
61433
61441
61449
61457
61465
61473
61481
61489
61497
61505
61513
61521
61529
61537
61545
61553
61561
61569
61577
61585
61628
61636
61645
61653
61661
61669
61677
61685
61692
61699
61705
61711
61716
61721
61728
61737
61743
61751
61759
61767
61775
61783
61791
61799
61807
61814
61821
61829
61835
61840
61843
61848
61857
61869
61877
61885
61893
61901
61909
61917
61925
61936
61943
61950
61956
61962
61967
61975
61983
61991
61999
62007
62015
62023
62031
62039
62047
62055
62063
62071
62079
62087
62095
62102
62109
62116
62123
62131
62139
62147
62155
62163
62171
62179
62187
62195
62203
62211
62219
62227
62235
62243
62251
62259
62267
62275
62283
62291
62299
62307
62315
62323
62331
62339
62347
62355
62363
62371
62379
62387
62432
62438
62446
62458
62465
62473
62481
62489
62497
62504
62509
62515
62521
62527
62532
62541
62548
62556
62564
62572
62580
62588
62596
62602
62608
62615
62622
62628
62633
62639
62645
62652
62659
62667
62675
62683
62691
62699
62707
62715
62723
62731
62739
62748
62755
62762
62769
62777
62788
62796
62804
62812
62820
62828
62836
62844
62852
62860
62868
62876
62883
62890
62897
62904
62909
62917
62925
62933
62941
62949
62957
62965
62973
62981
62989
62997
63005
63013
63021
63029
63037
63045
63053
63061
63069
63077
63086
63094
63102
63110
63118
63126
63134
63142
63150
63158
63166
63174
63182
63190
63237
63244
63253
63261
63269
63277
63284
63292
63297
63303
63309
63315
63321
63325
63329
63335
63342
63344
63351
63357
63365
63373
63381
63389
63397
63405
63412
63419
63425
63427
63433
63438
63443
63452
63456
63465
63474
63482
63490
63498
63506
63514
63522
63530
63538
63546
63554
63562
63570
63578
63585
63592
63599
63609
63616
63624
63631
63638
63647
63653
63661
63669
63677
63685
63693
63701
63709
63717
63725
63733
63741
63749
63757
63765
63773
63781
63789
63797
63805
63813
63821
63829
63837
63845
63853
63861
63866
63874
63882
63890
63898
63906
63914
63922
63930
63938
63946
63954
63962
63970
64015
64023
64030
64037
64044
64051
64059
64067
64075
64083
64091
64099
64106
64113
64120
64127
64133
64140
64147
64154
64161
64166
64173
64181
64189
64197
64205
64213
64221
64228
64235
64242
64249
64255
64262
64268
64273
64282
64284
64292
64300
64308
64316
64324
64332
64340
64348
64356
64364
64371
64378
64385
64389
64402
64410
64417
64424
64431
64437
64448
64456
64464
64472
64480
64488
64496
64504
64512
64520
64528
64536
64544
64552
64560
64568
64576
64584
64592
64600
64608
64616
64624
64632
64640
64648
64656
64664
64672
64680
64688
64696
64704
64712
64720
64728
64736
64744
64752
64760
64768
64804
64813
64820
64827
64834
64840
64846
64855
64863
64871
64879
64886
64892
64899
64906
64908
64916
64924
64932
64939
64946
64955
64963
64971
64979
64987
64995
65003
65011
65019
65027
65034
65041
65048
65054
65061
65064
65071
65078
65083
65094
65102
65110
65118
65126
65134
65142
65150
65158
65166
65175
65182
65189
65195
65198
65207
65214
65223
65230
65237
65244
65253
65259
65267
65275
65283
65291
65299
65307
65315
65323
65331
65339
65347
65355
65363
65371
65379
65387
65395
65403
65411
65419
65427
65435
65443
65451
65459
65467
65475
65483
65491
65499
65507
65515
65523
65531
65539
65547
65555
65591
65599
65607
65615
65623
65631
65646
65653
65662
65670
65675
65679
65686
65693
65699
65706
65716
65724
65731
65738
65745
65754
65762
65770
65778
65786
65794
65802
65810
65818
65826
65834
65842
65849
65857
65863
65869
65874
65880
65886
65890
65898
65906
65914
65922
65930
65938
65947
65955
65963
65971
65979
65987
65995
66002
66008
66013
66019
66025
66031
66037
66041
66048
66052
66059
66067
66075
66083
66091
66099
66107
66115
66123
66131
66139
66147
66155
66163
66171
66179
66187
66195
66203
66211
66219
66227
66235
66243
66251
66259
66267
66275
66283
66291
66299
66307
66315
66323
66331
66339
66382
66390
66398
66406
66414
66422
66430
66438
66446
66451
66458
66464
66468
66472
66480
66486
66489
66494
66504
66510
66517
66524
66531
66538
66546
66554
66562
66570
66578
66586
66594
66602
66610
66618
66626
66634
66642
66650
66656
66662
66668
66674
66681
66689
66697
66705
66713
66721
66729
66737
66745
66753
66761
66769
66777
66785
66793
66801
66809
66815
66819
66826
66832
66838
66848
66856
66862
66866
66873
66881
66889
66897
66905
66913
66921
66929
66937
66945
66953
66961
66969
66977
66985
66993
67001
67009
67017
67025
67033
67041
67049
67057
67065
67073
67081
67089
67097
67105
67113
67121
67157
67165
67173
67181
67189
67197
67205
67213
67221
67229
67237
67245
67252
67259
67268
67275
67276
67282
67285
67294
67303
67308
67315
67318
67327
67335
67343
67351
67359
67367
67375
67383
67391
67399
67407
67415
67423
67431
67439
67444
67452
67458
67464
67471
67482
67494
67502
67510
67518
67526
67534
67542
67550
67558
67566
67574
67582
67590
67598
67606
67614
67621
67628
67635
67642
67648
67655
67661
67668
67677
67687
67695
67703
67711
67719
67727
67735
67743
67751
67759
67767
67775
67783
67791
67799
67807
67815
67823
67831
67839
67847
67855
67863
67871
67881
67889
67897
67905
67913
67921
67956
67964
67972
67980
67988
67996
68004
68012
68020
68028
68036
68043
68050
68057
68062
68066
68070
68074
68084
68091
68097
68103
68110
68123
68131
68139
68147
68155
68163
68171
68179
68187
68195
68203
68211
68219
68227
68235
68243
68251
68255
68260
68266
68272
68278
68284
68288
68294
68301
68308
68315
68323
68331
68339
68347
68355
68363
68371
68379
68387
68395
68403
68411
68418
68426
68433
68439
68445
68453
68457
68463
68471
68473
68478
68487
68495
68503
68511
68519
68527
68535
68543
68551
68559
68567
68575
68583
68591
68599
68607
68615
68623
68631
68639
68647
68655
68663
68671
68679
68687
68732
68740
68748
68756
68764
68772
68780
68788
68796
68804
68812
68820
68827
68834
68837
68843
68851
68859
68867
68875
68882
68887
68890
68896
68902
68907
68910
68916
68928
68936
68944
68952
68960
68968
68976
68984
68992
69000
69008
69016
69024
69032
69040
69048
69056
69065
69073
69078
69085
69090
69099
69106
69114
69119
69128
69136
69144
69152
69160
69168
69176
69184
69192
69200
69208
69216
69223
69229
69236
69244
69250
69256
69262
69269
69277
69283
69291
69299
69307
69315
69323
69331
69339
69347
69355
69363
69371
69379
69387
69395
69403
69411
69419
69427
69435
69443
69451
69459
69467
69475
69514
69522
69530
69538
69546
69554
69562
69570
69578
69586
69594
69602
69609
69616
69623
69629
69636
69644
69652
69660
69668
69676
69684
69692
69699
69705
69711
69716
69725
69732
69738
69745
69753
69761
69769
69777
69785
69793
69801
69809
69817
69825
69833
69841
69847
69854
69861
69868
69875
69882
69890
69896
69903
69915
69922
69930
69938
69946
69954
69962
69970
69978
69986
69994
70002
70010
70018
70026
70033
70040
70047
70053
70067
70078
70089
70097
70105
70113
70121
70129
70137
70145
70154
70162
70170
70178
70186
70194
70202
70210
70218
70226
70234
70242
70250
70258
70266
70274
70282
70290
70329
70337
70345
70353
70361
70369
70377
70385
70393
70400
70407
70416
70423
70431
70439
70447
70455
70463
70471
70479
70487
70495
70501
70507
70513
70523
70526
70533
70539
70551
70559
70567
70575
70583
70591
70599
70607
70615
70623
70631
70639
70645
70650
70657
70664
70669
70677
70685
70688
70695
