3
11
19
27
35
43
51
59
67
75
83
91
99
107
115
123
131
139
147
155
163
171
179
187
195
203
211
219
227
235
243
251
259
267
275
283
291
299
307
315
323
331
339
347
355
363
371
379
387
395
403
411
419
427
435
443
451
459
467
475
483
491
499
507
515
523
531
539
547
555
563
571
579
587
595
603
611
619
627
635
643
651
659
667
675
683
691
699
707
715
723
731
739
747
755
763
771
779
787
795
819
827
835
843
851
859
867
875
883
891
899
907
915
923
931
939
947
955
963
971
979
987
995
1003
1011
1019
1027
1035
1043
1051
1059
1067
1075
1083
1091
1099
1107
1115
1123
1131
1139
1147
1155
1163
1171
1179
1187
1195
1203
1211
1219
1227
1235
1243
1251
1259
1267
1275
1283
1291
1299
1307
1315
1323
1331
1339
1347
1355
1363
1371
1379
1387
1395
1403
1411
1419
1427
1435
1443
1451
1459
1467
1475
1483
1491
1499
1507
1515
1523
1531
1539
1547
1555
1563
1571
1579
1586
1591
1594
1597
1636
1644
1652
1660
1668
1676
1684
1692
1700
1708
1716
1724
1732
1740
1748
1756
1764
1772
1780
1788
1796
1804
1812
1820
1828
1836
1844
1852
1860
1868
1876
1884
1892
1900
1908
1916
1924
1932
1940
1948
1956
1964
1972
1980
1988
1996
2004
2012
2020
2028
2036
2044
2052
2060
2068
2076
2084
2092
2100
2108
2116
2124
2132
2140
2148
2156
2164
2172
2180
2188
2196
2204
2212
2220
2228
2236
2244
2252
2260
2268
2276
2284
2292
2300
2308
2316
2324
2332
2340
2348
2356
2364
2371
2377
2383
2385
2392
2398
2402
2404
2455
2460
2465
2473
2481
2489
2497
2505
2513
2521
2529
2537
2545
2553
2561
2569
2577
2585
2593
2601
2609
2617
2625
2633
2641
2649
2657
2665
2673
2681
2689
2697
2705
2713
2721
2729
2737
2745
2753
2761
2769
2777
2785
2793
2801
2809
2817
2825
2833
2841
2849
2857
2865
2873
2881
2889
2897
2905
2913
2921
2929
2937
2945
2953
2961
2969
2977
2985
2993
3001
3009
3017
3025
3033
3041
3049
3057
3065
3073
3081
3089
3097
3105
3113
3121
3129
3137
3145
3152
3160
3171
3178
3184
3190
3194
3201
3207
3213
3219
3227
3272
3280
3288
3296
3304
3312
3320
3328
3336
3344
3352
3360
3368
3376
3384
3392
3400
3408
3416
3424
3432
3440
3448
3456
3464
3472
3480
3488
3496
3504
3512
3520
3528
3536
3544
3552
3560
3568
3576
3584
3592
3600
3608
3616
3624
3632
3640
3648
3656
3664
3672
3680
3688
3696
3704
3712
3720
3728
3736
3744
3752
3760
3768
3775
3783
3791
3799
3807
3815
3823
3831
3839
3847
3855
3863
3871
3879
3887
3895
3903
3911
3919
3927
3934
3940
3946
3954
3963
3969
3974
3978
3982
3990
4001
4008
4016
4022
4024
4029
4035
4083
4091
4099
4107
4115
4123
4131
4139
4147
4155
4163
4171
4179
4187
4195
4203
4211
4219
4227
4235
4243
4251
4259
4267
4275
4283
4291
4299
4307
4315
4323
4331
4339
4347
4355
4363
4371
4379
4387
4395
4403
4411
4419
4427
4435
4443
4451
4459
4467
4475
4483
4491
4499
4507
4515
4523
4531
4539
4547
4555
4563
4571
4579
4587
4595
4603
4611
4619
4627
4635
4643
4651
4659
4667
4675
4683
4691
4699
4707
4714
4720
4727
4735
4743
4751
4759
4767
4772
4777
4784
4791
4795
4799
4808
4814
4820
4826
4832
4842
4845
4892
4900
4908
4916
4924
4932
4940
4948
4956
4964
4972
4980
4988
4996
5004
5012
5020
5028
5036
5044
5052
5060
5068
5076
5084
5092
5100
5108
5116
5124
5132
5140
5148
5156
5164
5172
5180
5188
5196
5204
5212
5220
5228
5236
5244
5252
5260
5268
5276
5284
5292
5300
5308
5316
5324
5332
5340
5348
5356
5364
5372
5380
5388
5396
5404
5412
5420
5428
5436
5444
5454
5462
5470
5478
5486
5493
5496
5504
5512
5520
5528
5536
5544
5553
5560
5568
5575
5581
5585
5591
5604
5613
5620
5627
5633
5638
5647
5653
5658
5665
5696
5704
5712
5720
5728
5736
5744
5752
5760
5768
5776
5784
5792
5800
5808
5816
5824
5832
5840
5848
5856
5864
5872
5880
5888
5896
5904
5912
5920
5928
5936
5944
5952
5960
5968
5976
5984
5992
6000
6008
6015
6023
6031
6039
6047
6055
6063
6071
6079
6087
6095
6103
6111
6119
6127
6135
6143
6151
6159
6167
6175
6183
6191
6199
6207
6215
6223
6231
6239
6247
6255
6263
6271
6279
6287
6295
6303
6310
6319
6326
6333
6340
6350
6355
6361
6368
6375
6385
6392
6394
6401
6409
6417
6424
6431
6437
6444
6452
6458
6466
6503
6511
6519
6527
6535
6543
6551
6559
6567
6575
6583
6591
6599
6607
6615
6623
6631
6639
6647
6655
6663
6671
6679
6687
6695
6703
6711
6719
6727
6735
6743
6751
6759
6767
6775
6783
6791
6799
6807
6815
6823
6831
6839
6847
6855
6863
6871
6879
6887
6895
6903
6911
6919
6927
6935
6943
6951
6959
6967
6975
6983
6991
6999
7007
7015
7023
7031
7039
7047
7055
7063
7071
7078
7087
7095
7103
7111
7119
7126
7129
7136
7144
7151
7158
7168
7175
7183
7190
7197
7199
7208
7216
7223
7230
7232
7239
7245
7252
7259
7263
7311
7319
7327
7335
7343
7351
7359
7367
7375
7383
7391
7399
7407
7415
7423
7431
7439
7447
7455
7463
7471
7479
7487
7495
7503
7511
7519
7527
7535
7543
7551
7559
7567
7575
7583
7591
7599
7607
7615
7623
7631
7639
7647
7655
7663
7671
7679
7687
7695
7703
7711
7719
7727
7735
7743
7751
7759
7767
7775
7783
7791
7799
7807
7815
7823
7831
7839
7847
7855
7863
7871
7878
7886
7893
7901
7909
7916
7919
7926
7934
7942
7950
7958
7965
7976
7981
7989
7998
8003
8010
8017
8024
8029
8037
8045
8052
8058
8065
8073
8081
8109
8118
8126
8134
8142
8150
8158
8166
8174
8182
8190
8198
8206
8214
8222
8230
8238
8246
8254
8262
8270
8278
8286
8294
8302
8310
8318
8326
8334
8342
8350
8358
8366
8374
8382
8390
8398
8406
8414
8422
8430
8438
8446
8454
8462
8470
8478
8486
8494
8502
8510
8518
8526
8534
8542
8550
8558
8566
8574
8582
8590
8598
8606
8614
8622
8630
8638
8646
8654
8662
8670
8677
8684
8692
8702
8709
8717
8722
8727
8735
8743
8751
8758
8766
8771
8778
8792
8800
8807
8814
8821
8830
8837
8844
8854
8862
8870
8877
8888
8896
8927
8935
8943
8951
8959
8967
8975
8983
8991
8999
9006
9013
9020
9028
9036
9044
9052
9060
9068
9076
9084
9092
9100
9108
9116
9124
9132
9140
9148
9156
9164
9172
9180
9188
9196
9204
9212
9220
9228
9236
9244
9252
9260
9268
9276
9284
9292
9300
9308
9316
9324
9332
9340
9348
9356
9364
9372
9380
9388
9396
9404
9412
9420
9428
9436
9444
9452
9460
9468
9474
9481
9490
9498
9506
9513
9523
9531
9539
9547
9555
9563
9569
9574
9580
9583
9588
9595
9603
9613
9620
9629
9637
9644
9651
9655
9662
9671
9678
9681
9690
9717
9725
9733
9741
9749
9757
9765
9773
9781
9789
9797
9805
9813
9821
9829
9837
9845
9853
9861
9869
9877
9885
9893
9901
9909
9917
9925
9933
9941
9949
9957
9965
9973
9981
9989
9997
10005
10013
10021
10029
10037
10045
10053
10061
10069
10077
10085
10093
10101
10109
10117
10125
10133
10141
10149
10157
10165
10173
10181
10189
10197
10205
10213
10221
10229
10237
10245
10253
10261
10270
10277
10284
10295
10300
10307
10314
10320
10327
10335
10343
10351
10359
10367
10375
10381
10386
10393
10400
10407
10415
10421
10427
10434
10446
10455
10462
10469
10477
10486
10494
10520
10528
10536
10544
10552
10560
10568
10576
10584
10592
10600
10608
10616
10624
10632
10640
10648
10656
10664
10672
10680
10688
10696
10704
10712
10720
10728
10736
10744
10752
10760
10768
10776
10784
10792
10800
10808
10816
10824
10832
10840
10848
10856
10864
10872
10880
10888
10896
10904
10912
10920
10928
10936
10944
10952
10960
10968
10976
10984
10992
11000
11008
11016
11024
11032
11040
11048
11056
11063
11070
11078
11084
11092
11100
11108
11115
11122
11131
11139
11147
11155
11163
11170
11179
11187
11194
11201
11211
11217
11225
11232
11238
11246
11250
11256
11261
11266
11273
11279
11286
11318
11326
11334
11342
11350
11358
11366
11374
11382
11390
11398
11406
11414
11422
11430
11438
11446
11454
11462
11470
11478
11486
11494
11502
11510
11518
11526
11534
11542
11550
11558
11566
11574
11582
11590
11598
11606
11614
11622
11630
11638
11646
11654
11662
11670
11678
11686
11694
11702
11710
11718
11726
11734
11742
11750
11758
11766
11774
11782
11790
11798
11806
11814
11822
11830
11838
11845
11852
11858
11864
11872
11880
11888
11896
11904
11911
11918
11922
11930
11938
11946
11954
11961
11966
11972
11980
11988
11996
12003
12012
12023
12029
12036
12043
12050
12057
12062
12065
12069
12076
12112
12120
12128
12136
12144
12152
12160
12168
12176
12184
12192
12200
12208
12216
12224
12232
12240
12248
12256
12264
12272
12280
12288
12296
12304
12312
12320
12328
12336
12344
12352
12360
12368
12376
12384
12392
12400
12408
12416
12424
12432
12440
12448
12456
12464
12472
12480
12488
12496
12504
12512
12520
12528
12536
12544
12552
12560
12568
12576
12584
12592
12600
12608
12616
12624
12632
12640
12647
12654
12660
12668
12677
12685
12693
12701
12708
12715
12717
12726
12734
12742
12750
12758
12765
12772
12774
12780
12788
12796
12803
12810
12818
12823
12829
12831
12838
12846
12854
12861
12868
12909
12917
12925
12933
12941
12949
12957
12965
12973
12981
12989
12997
13005
13013
13021
13029
13037
13045
13053
13061
13069
13077
13085
13093
13101
13109
13117
13125
13133
13141
13149
13157
13165
13173
13181
13189
13197
13205
13213
13221
13229
13237
13245
13253
13261
13269
13277
13285
13293
13301
13309
13317
13325
13333
13341
13349
13357
13365
13373
13381
13389
13397
13405
13413
13421
13429
13437
13445
13452
13459
13466
13474
13482
13490
13498
13505
13512
13521
13529
13537
13545
13552
13559
13562
13568
13576
13584
13592
13600
13605
13611
13617
13623
13630
13636
13642
13650
13657
13663
13669
13716
13724
13732
13740
13748
13756
13764
13772
13780
13788
13796
13804
13812
13820
13828
13836
13844
13852
13860
13868
13876
13884
13892
13900
13908
13916
13924
13932
13940
13948
13956
13964
13972
13980
13988
13996
14004
14012
14020
14028
14036
14044
14052
14060
14068
14076
14084
14092
14100
14108
14116
14124
14132
14140
14148
14156
14164
14172
14180
14188
14196
14204
14212
14220
14228
14236
14244
14253
14260
14267
14272
14280
14287
14295
14302
14306
14313
14321
14329
14337
14344
14351
14357
14365
14373
14381
14389
14397
14405
14412
14418
14424
14429
14436
14443
14448
14453
14460
14467
14470
14516
14524
14532
14540
14548
14556
14564
14572
14580
14588
14596
14604
14612
14620
14628
14636
14644
14652
14660
14668
14676
14684
14692
14700
14708
14716
14724
14732
14740
14748
14756
14764
14772
14780
14788
14796
14804
14812
14820
14828
14836
14844
14852
14860
14868
14876
14884
14892
14900
14908
14916
14924
14932
14940
14948
14956
14964
14968
14976
14984
14992
15000
15008
15016
15024
15032
15040
15048
15056
15064
15071
15078
15082
15086
15089
15097
15105
15119
15127
15134
15141
15151
15160
15168
15176
15184
15192
15199
15206
15221
15231
15239
15247
15254
15261
15269
15275
15282
15289
15292
15329
15337
15345
15353
15361
15369
15377
15385
15393
15401
15409
15417
15425
15433
15441
15449
15457
15465
15473
15481
15489
15497
15505
15513
15521
15529
15537
15545
15553
15561
15569
15577
15585
15593
15601
15609
15617
15625
15632
15640
15648
15655
15661
15668
15676
15684
15692
15700
15708
15716
15724
15732
15740
15748
15756
15764
15772
15780
15788
15796
15804
15812
15820
15828
15836
15844
15852
15860
15868
15876
15884
15892
15898
15904
15909
15915
15926
15934
15941
15948
15959
15967
15975
15983
15990
15997
16002
16009
16018
16025
16032
16038
16041
16051
16059
16067
16075
16082
16091
16099
16135
16143
16151
16159
16167
16175
16183
16191
16199
16207
16215
16223
16231
16239
16247
16255
16263
16271
16279
16287
16295
16303
16311
16319
16327
16335
16343
16351
16359
16367
16375
16383
16391
16399
16407
16415
16423
16431
16439
16446
16454
16462
16470
16478
16486
16494
16502
16510
16518
16526
16534
16542
16550
16558
16566
16574
16582
16590
16598
16606
16614
16622
16630
16638
16646
16654
16662
16669
16676
16682
16689
16696
16703
16710
16721
16729
16736
16743
16751
16755
16763
16771
16778
16785
16791
16798
16806
16814
16821
16829
16834
16841
16849
16856
16863
16866
16872
16879
16886
16893
16930
16938
16946
16954
16962
16970
16978
16986
16994
17002
17010
17018
17026
17034
17042
17050
17058
17066
17074
17082
17090
17098
17106
17114
17122
17130
17138
17146
17154
17162
17170
17178
17186
17194
17202
17210
17218
17226
17234
17242
17250
17258
17266
17274
17281
17289
17297
17305
17312
17320
17328
17336
17344
17352
17360
17368
17376
17384
17392
17400
17408
17416
17424
17432
17440
17448
17456
17463
17470
17475
17481
17489
17497
17504
17511
17517
17525
17532
17539
17546
17552
17558
17566
17574
17581
17588
17594
17605
17612
17619
17626
17633
17643
17652
17659
17668
17676
17683
17690
17697
17729
17737
17745
17753
17761
17769
17777
17785
17793
17801
17809
17817
17825
17833
17841
17849
17857
17865
17873
17881
17889
17897
17905
17913
17921
17929
17937
17945
17953
17961
17969
17977
17985
17993
18001
18009
18017
18025
18033
18041
18049
18057
18065
18073
18081
18089
18097
18105
18113
18121
18129
18137
18145
18153
18161
18169
18177
18185
18193
18201
18209
18217
18225
18233
18241
18249
18257
18265
18272
18279
18286
18293
18300
18308
18315
18322
18328
18339
18342
18347
18355
18363
18371
18378
18385
18389
18395
18402
18410
18417
18424
18433
18441
18448
18455
18463
18471
18479
18487
18493
18529
18538
18546
18554
18562
18570
18578
18586
18594
18602
18610
18618
18626
18634
18642
18650
18658
18666
18674
18682
18690
18698
18706
18714
18722
18730
18738
18746
18754
18762
18770
18778
18786
18794
18802
18810
18818
18826
18834
18842
18850
18858
18866
18874
18882
18890
18898
18906
18914
18922
18930
18938
18946
18954
18962
18970
18978
18986
18994
19002
19010
19018
19026
19034
19042
19050
19058
19065
19072
19078
19086
19094
19102
19109
19116
19125
19129
19138
19145
19152
19158
19166
19174
19180
19187
19196
19202
19210
19218
19224
19230
19232
19238
19245
19251
19258
19266
19274
19282
19289
19325
19333
19341
19349
19357
19365
19373
19381
19389
19397
19405
19413
19421
19429
19437
19445
19453
19461
19469
19477
19485
19493
19501
19509
19517
19525
19533
19541
19549
19557
19565
19573
19581
19589
19597
19605
19613
19621
19629
19637
19645
19653
19661
19669
19677
19685
19693
19701
19709
19717
19725
19733
19741
19749
19757
19765
19773
19781
19789
19797
19805
19813
19821
19829
19837
19845
19853
19860
19867
19874
19878
19886
19894
19902
19909
19918
19927
19935
19943
19950
19957
19962
19968
19973
19980
19987
19994
20000
20008
20016
20023
20030
20036
20043
20049
20056
20063
20072
20079
20087
20114
20122
20130
20138
20146
20154
20162
20170
20178
20186
20194
20202
20210
20218
20226
20234
20242
20250
20258
20266
20274
20282
20290
20298
20306
20314
20322
20330
20338
20346
20354
20362
20370
20378
20386
20394
20402
20410
20418
20426
20434
20442
20450
20458
20466
20474
20482
20490
20498
20506
20514
20522
20530
20538
20546
20554
20562
20570
20578
20586
20594
20602
20610
20618
20626
20634
20642
20650
20657
20664
20673
20681
20689
20698
20705
20714
20724
20732
20739
20746
20750
20754
20761
20768
20775
20781
20790
20798
20806
20814
20822
20829
20836
20842
20850
20858
20866
20874
20882
20890
20916
20924
20932
20940
20948
20956
20964
20969
20977
20985
20993
20999
21007
21015
21023
21031
21039
21047
21055
21063
21071
21079
21087
21095
21103
21111
21119
21127
21135
21143
21151
21159
21167
21175
21183
21191
21199
21207
21215
21223
21231
21239
21247
21255
21263
21271
21279
21287
21295
21303
21311
21319
21327
21335
21343
21351
21359
21367
21375
21383
21391
21399
21407
21415
21423
21431
21439
21447
21455
21463
21470
21479
21486
21494
21502
21509
21516
21522
21531
21539
21548
21555
21562
21568
21573
21578
21585
21592
21596
21601
21608
21617
21624
21630
21635
21639
21646
21654
21662
21670
21703
21710
21717
21724
21733
21740
21748
21756
21764
21772
21780
21788
21796
21804
21812
21820
21828
21836
21844
21852
21860
21868
21876
21884
21892
21900
21908
21916
21924
21932
21940
21948
21956
21964
21972
21980
21988
21996
22004
22012
22020
22028
22036
22044
22052
22060
22068
22076
22084
22092
22100
22108
22116
22124
22132
22140
22148
22156
22164
22172
22180
22188
22196
22204
22212
22220
22228
22236
22244
22252
22259
22266
22268
22275
22281
22288
22295
22304
22309
22317
22325
22333
22341
22349
22357
22365
22372
22379
22387
22392
22402
22407
22415
22423
22430
22437
22443
22446
22453
22459
22501
22509
22516
22522
22527
22534
22542
22550
22558
22566
22574
22582
22590
22598
22606
22614
22622
22630
22638
22646
22654
22662
22670
22678
22686
22694
22702
22710
22718
22726
22734
22742
22750
22758
22766
22774
22782
22790
22798
22806
22814
22822
22830
22838
22846
22854
22862
22870
22878
22886
22894
22902
22910
22918
22926
22934
22942
22950
22958
22966
22974
22982
22990
22998
23006
23014
23022
23030
23038
23046
23054
23061
23068
23071
23076
23083
23090
23097
23108
23116
23124
23132
23140
23149
23156
23163
23168
23175
23183
23190
23197
23201
23207
23215
23223
23231
23238
23244
23248
23251
23290
23298
23306
23313
23322
23330
23338
23346
23354
23362
23370
23378
23386
23394
23402
23410
23418
23426
23434
23442
23450
23458
23466
23474
23482
23490
23498
23506
23514
23522
23530
23538
23546
23554
23562
23570
23578
23586
23594
23602
23610
23618
23626
23634
23642
23650
23658
23666
23674
23682
23690
23698
23706
23714
23722
23730
23738
23746
23754
23762
23770
23778
23786
23794
23802
23810
23818
23826
23834
23842
23849
23856
23863
23870
23878
23886
23894
23902
23909
23916
23925
23932
23940
23948
23956
23963
23972
23980
23987
23994
24001
24010
24018
24029
24036
24042
24049
24056
24063
24069
24113
24122
24127
24135
24143
24151
24159
24167
24175
24183
24191
24199
24207
24215
24223
24231
24239
24247
24255
24263
24271
24279
24287
24295
24303
24311
24319
24327
24335
24343
24351
24359
24367
24375
24383
24391
24399
24407
24415
24424
24432
24440
24448
24456
24464
24472
24480
24488
24496
24504
24512
24520
24528
24536
24544
24552
24560
24568
24576
24584
24592
24600
24608
24616
24624
24632
24640
24647
24654
24662
24666
24674
24682
24690
24697
24705
24713
24721
24729
24735
24742
24749
24756
24763
24771
24779
24787
24794
24801
24805
24812
24820
24827
24834
24841
24843
24850
24857
24864
24871
24907
24917
24924
24931
24941
24949
24957
24965
24973
24981
24989
24997
25005
25013
25021
25029
25037
25045
25053
25061
25069
25077
25085
25093
25101
25109
25117
25125
25133
25141
25149
25157
25165
25173
25181
25189
25197
25205
25213
25221
25229
25237
25245
25253
25261
25269
25277
25285
25293
25301
25309
25317
25325
25333
25341
25349
25357
25365
25373
25381
25389
25397
25405
25413
25421
25429
25436
25443
25450
25456
25463
25470
25477
25485
25491
25497
25503
25510
25517
25524
25531
25538
25545
25552
25560
25566
25573
25580
25589
25597
25605
25613
25621
25629
25637
25644
25651
25655
25662
25670
25729
25739
25748
25756
25764
25772
25780
25788
25796
25804
25812
25820
25828
25836
25844
25852
25860
25868
25876
25884
25892
25900
25908
25916
25924
25932
25940
25948
25956
25964
25972
25980
25988
25996
26004
26012
26020
26028
26036
26044
26052
26060
26068
26076
26084
26092
26100
26108
26116
26124
26132
26140
26148
26156
26164
26172
26180
26188
26196
26204
26212
26220
26228
26236
26244
26252
26260
26267
26273
26279
26284
26289
26296
26305
26312
26319
26326
26333
26341
26349
26357
26364
26371
26374
26384
26391
26399
26407
26414
26421
26431
26436
26444
26452
26460
26468
26475
26482
26488
26498
26530
26534
26537
26544
26551
26555
26562
26570
26578
26586
26594
26602
26610
26618
26626
26634
26642
26650
26658
26666
26674
26682
26690
26698
26706
26714
26722
26730
26738
26746
26754
26762
26770
26778
26786
26794
26802
26810
26818
26826
26834
26842
26850
26858
26866
26874
26882
26890
26898
26906
26914
26922
26930
26938
26946
26954
26962
26970
26978
26986
26994
27002
27010
27018
27026
27034
27042
27050
27057
27064
27070
27073
27080
27087
27093
27099
27107
27115
27123
27130
27137
27148
27155
27163
27170
27177
27183
27191
27197
27204
27211
27223
27231
27239
27247
27255
27263
27271
27279
27286
27325
27332
27339
27346
27350
27356
27364
27372
27380
27388
27396
27404
27412
27420
27428
27436
27444
27452
27460
27468
27476
27484
27492
27500
27508
27516
27524
27532
27540
27548
27556
27564
27572
27580
27588
27596
27604
27612
27620
27628
27636
27644
27652
27660
27668
27676
27684
27692
27700
27708
27716
27724
27732
27740
27748
27756
27764
27772
27780
27788
27796
27804
27812
27820
27828
27836
27843
27850
27854
27861
27869
27877
27884
27891
27900
27907
27915
27923
27930
27937
27943
27950
27958
27965
27972
27979
27987
27995
28003
28011
28018
28025
28029
28035
28041
28049
28057
28065
28074
28081
28119
28125
28133
28140
28151
28159
28167
28175
28183
28191
28199
28207
28215
28223
28231
28239
28247
28255
28263
28271
28279
28287
28295
28303
28311
28319
28327
28335
28343
28351
28359
28367
28375
28383
28391
28399
28407
28415
28423
28431
28439
28447
28454
28462
28470
28478
28486
28493
28501
28509
28517
28525
28533
28541
28549
28557
28565
28573
28581
28589
28597
28605
28613
28621
28629
28637
28644
28651
28658
28669
28674
28682
28689
28698
28703
28710
28718
28727
28734
28741
28749
28756
28763
28770
28779
28787
28795
28803
28810
28817
28824
28833
28841
28849
28857
28865
28872
28879
28887
28894
28921
28927
28934
28941
28951
28961
28969
28977
28985
28993
29001
29009
29017
29025
29033
29041
29049
29057
29065
29073
29081
29089
29097
29105
29113
29121
29129
29137
29145
29153
29161
29169
29177
29185
29193
29201
29209
29217
29225
29233
29241
29249
29257
29265
29273
29281
29289
29297
29305
29313
29321
29329
29337
29345
29353
29361
29369
29377
29385
29393
29401
29409
29417
29425
29433
29441
29449
29456
29463
29472
29480
29487
29494
29504
29511
29518
29525
29532
29535
29543
29550
29558
29567
29575
29583
29591
29599
29607
29614
29621
29634
29641
29649
29657
29664
29671
29680
29688
29696
29704
29740
29747
29754
29761
29770
29780
29788
29796
29804
29812
29820
29828
29836
29844
29852
29860
29868
29876
29884
29892
29900
29908
29916
29924
29932
29940
29948
29956
29964
29972
29980
29988
29996
30004
30012
30020
30028
30036
30044
30052
30060
30068
30076
30084
30092
30100
30108
30116
30124
30132
30140
30148
30156
30164
30172
30180
30188
30196
30204
30212
30220
30228
30236
30244
30252
30260
30267
30274
30279
30287
30290
30297
30305
30311
30319
30326
30333
30341
30347
30352
30358
30365
30370
30378
30386
30394
30401
30408
30414
30425
30433
30442
30449
30456
30466
30474
30482
30490
30498
30506
30537
30544
30551
30558
30567
30573
30581
30589
30597
30605
30613
30621
30629
30637
30645
30653
30661
30669
30677
30685
30693
30701
30709
30717
30725
30733
30741
30749
30757
30765
30773
30781
30789
30797
30805
30813
30821
30829
30837
30845
30853
30861
30869
30877
30885
30893
30901
30909
30917
30925
30933
30941
30949
30957
30965
30973
30981
30989
30997
31005
31013
31021
31029
31037
31046
31053
31061
31064
31072
31080
31088
31095
31102
31104
31112
31120
31128
31136
31144
31151
31158
31161
31169
31176
31183
31191
31199
31206
31213
31223
31231
31239
31246
31253
31259
31267
31275
31283
31291
31299
31329
31337
31344
31351
31360
31364
31372
31380
31388
31396
31404
31412
31420
31428
31436
31444
31452
31460
31468
31476
31484
31492
31500
31508
31516
31524
31532
31540
31548
31556
31564
31572
31580
31588
31596
31604
31612
31620
31628
31636
31644
31652
31660
31668
31676
31684
31692
31700
31708
31716
31724
31732
31740
31748
31756
31764
31772
31780
31788
31796
31804
31812
31820
31828
31835
31842
31851
31859
31867
31875
31883
31890
31897
31904
31910
31918
31926
31934
31942
31949
31956
31962
31970
31977
31985
31990
31998
32006
32013
32020
32031
32039
32047
32055
32062
32069
32076
32083
32090
32098
32133
32141
32148
32155
32160
32166
32174
32182
32190
32198
32206
32214
32222
32230
32238
32246
32254
32262
32270
32278
32286
32294
32302
32310
32318
32326
32334
32342
32350
32358
32366
32374
32382
32390
32398
32406
32414
32422
32430
32438
32446
32454
32462
32470
32478
32486
32494
32502
32510
32518
32526
32534
32542
32550
32558
32566
32574
32582
32590
32598
32606
32615
32622
32629
32640
32647
32655
32663
32671
32679
32687
32693
32700
32706
32714
32722
32730
32737
32744
32750
32762
32769
32776
32783
32792
32798
32805
32812
32819
32826
32833
32841
32850
32858
32865
32872
32879
32884
32890
32894
32934
32940
32944
32951
32958
32963
32969
32977
32985
32993
33001
33009
33016
33023
33031
33039
33047
33055
33063
33071
33079
33087
33095
33103
33111
33119
33127
33135
33143
33151
33159
33167
33175
33183
33191
33199
33207
33215
33223
33231
33239
33247
33255
33263
33271
33279
33287
33295
33303
33311
33319
33327
33335
33343
33351
33359
33367
33375
33383
33391
33399
33406
33413
33420
33426
33431
33438
33446
33454
33462
33470
33478
33485
33492
33499
33507
33515
33523
33531
33539
33546
33553
33558
33567
33574
33581
33584
33593
33601
33609
33617
33625
33632
33639
33644
33648
33655
33662
33669
33676
33710
33719
33727
33735
33743
33751
33758
33765
33772
33786
33794
33802
33810
33818
33826
33834
33842
33850
33858
33866
33874
33882
33890
33898
33906
33914
33922
33930
33938
33946
33954
33962
33970
33978
33986
33994
34002
34010
34018
34026
34034
34042
34050
34058
34066
34074
34082
34090
34098
34106
34114
34122
34130
34138
34146
34154
34162
34170
34178
34186
34194
34201
34209
34217
34225
34233
34241
34249
34257
34265
34273
34280
34287
34294
34300
34307
34315
34323
34331
34338
34345
34352
34356
34360
34366
34373
34380
34388
34399
34407
34415
34422
34429
34433
34441
34449
34457
34465
34472
34479
34522
34530
34538
34546
34554
34562
34569
34576
34582
34590
34598
34606
34614
34622
34630
34638
34646
34654
34662
34670
34678
34686
34694
34702
34710
34718
34726
34734
34742
34750
34758
34766
34774
34782
34790
34798
34806
34814
34822
34830
34838
34846
34854
34862
34870
34878
34886
34894
34902
34910
34918
34926
34934
34942
34950
34958
34966
34974
34982
34989
34996
35003
35010
35018
35026
35034
35042
35050
35058
35066
35074
35082
35090
35097
35104
35107
35116
35124
35132
35139
35146
35152
35158
35161
35169
35176
35185
35194
35202
35210
35217
35224
35233
35237
35245
35253
35261
35269
35276
35283
35318
35326
35334
35342
35350
35359
35365
35373
35381
35389
35397
35405
35413
35421
35429
35437
35445
35453
35461
35469
35477
35485
35493
35501
35509
35517
35525
35533
35541
35549
35557
35565
35573
35581
35589
35598
35606
35614
35622
35630
35638
35646
35654
35662
35670
35678
35686
35694
35702
35710
35718
35726
35734
35742
35750
35758
35766
35774
35781
35788
35795
35798
35809
35817
35825
35833
35841
35849
35857
35865
35873
35881
35889
35897
35906
35913
35920
35929
35935
35945
35952
35959
35967
35974
35980
35987
35994
35998
36007
36010
36017
36024
36035
36042
36050
36058
36066
36074
36082
36089
36124
36132
36140
36147
36154
36159
36165
36173
36181
36189
36197
36205
36213
36221
36229
36237
36245
36253
36261
36269
36277
36285
36293
36301
36309
36317
36325
36333
36341
36349
36357
36365
36373
36381
36389
36397
36405
36413
36421
36429
36437
36445
36453
36461
36469
36477
36485
36493
36501
36509
36517
36525
36533
36541
36548
36555
36557
36566
36574
36582
36590
36598
36606
36614
36622
36630
36638
36646
36654
36662
36670
36678
36686
36694
36702
36710
36718
36725
36732
36737
36743
36745
36751
36755
36762
36769
36777
36785
36793
36800
36806
36812
36817
36822
36825
36832
36837
36843
36851
36859
36895
36901
36908
36915
36924
36927
36935
36943
36950
36957
36965
36973
36981
36989
36997
37005
37013
37021
37029
37037
37045
37053
37061
37069
37077
37085
37093
37101
37109
37117
37125
37133
37141
37149
37157
37165
37173
37181
37189
37197
37205
37213
37221
37229
37237
37245
37253
37261
37269
37277
37285
37293
37301
37309
37317
37325
37333
37340
37347
37354
37361
37369
37377
37385
37393
37401
37409
37417
37425
37433
37441
37449
37457
37465
37473
37481
37489
37497
37505
37513
37521
37528
37534
37540
37547
37551
37559
37566
37574
37582
37589
37596
37604
37609
37618
37625
37632
37639
37647
37654
37695
37702
37709
37716
37721
37727
37733
37738
37745
37751
37756
37764
37772
37780
37788
37796
37804
37812
37820
37828
37836
37844
37852
37860
37868
37876
37884
37892
37900
37908
37916
37924
37932
37940
37948
37956
37964
37972
37980
37988
37996
38004
38012
38020
38028
38036
38044
38052
38060
38067
38075
38077
38085
38093
38101
38109
38117
38125
38133
38140
38147
38155
38162
38170
38178
38186
38194
38202
38210
38218
38226
38234
38242
38250
38258
38266
38274
38282
38290
38298
38306
38314
38322
38330
38337
38344
38349
38354
38361
38369
38378
38385
38389
38395
38402
38412
38418
38424
38430
38437
38481
38488
38495
38502
38510
38515
38523
38531
38539
38547
38554
38561
38575
38582
38590
38598
38606
38614
38622
38630
38638
38646
38654
38662
38670
38678
38686
38694
38702
38710
38718
38726
38734
38742
38750
38758
38766
38774
38782
38790
38798
38806
38814
38822
38830
38838
38846
38854
38862
38870
38878
38886
38894
38902
38910
38918
38925
38932
38942
38949
38957
38965
38973
38981
38989
38997
39005
39013
39021
39029
39037
39045
39053
39061
39069
39077
39085
39093
39101
39109
39117
39125
39132
39139
39147
39154
39161
39167
39172
39177
39184
39189
39196
39205
39213
39221
39229
39237
39245
39252
39284
39291
39298
39305
39311
39317
39325
39333
39341
39348
39355
39365
39373
39381
39389
39397
39405
39413
39421
39429
39437
39445
39453
39461
39469
39477
39485
39493
39501
39509
39517
39525
39533
39541
39549
39557
39565
39573
39581
39589
39597
39605
39613
39621
39629
39637
39645
39653
39661
39669
39677
39685
39693
39701
39709
39717
39725
39732
39739
39746
39753
39760
39767
39775
39783
39791
39799
39807
39815
39823
39831
39839
39847
39855
39863
39871
39879
39887
39895
39903
39913
39920
39927
39934
39937
39942
39950
39958
39965
39972
39977
39983
39986
39991
39998
40002
40010
40018
40026
40034
40085
40091
40097
40101
40108
40115
40123
40132
40138
40143
40150
40157
40164
40167
40176
40184
40192
40200
40208
40216
40224
40232
40240
40248
40256
40264
40272
40280
40288
40296
40304
40312
40320
40328
40336
40344
40352
40360
40368
40376
40384
40392
40400
40408
40416
40424
40432
40440
40448
40456
40464
40472
40480
40488
40496
40504
40512
40519
40526
40535
40539
40546
40554
40562
40570
40578
40586
40594
40602
40610
40618
40626
40634
40642
40650
40658
40666
40674
40682
40690
40698
40706
40714
40722
40730
40737
40744
40750
40756
40759
40765
40770
40777
40784
40788
40795
40803
40811
40819
40827
40865
40872
40879
40886
40892
40899
40907
40914
40921
40928
40934
40941
40949
40956
40963
40970
40975
40980
40988
40996
41004
41012
41020
41028
41036
41044
41052
41060
41068
41076
41084
41092
41100
41108
41116
41124
41132
41140
41148
41156
41164
41172
41180
41188
41196
41204
41212
41220
41228
41236
41244
41252
41260
41268
41276
41284
41292
41300
41308
41315
41322
41329
41335
41341
41348
41356
41366
41374
41382
41390
41398
41406
41414
41422
41430
41438
41446
41454
41462
41470
41478
41486
41494
41502
41510
41518
41525
41532
41538
41544
41549
41555
41561
41569
41575
41578
41584
41592
41599
41607
41661
41669
41676
41684
41691
41698
41704
41709
41715
41722
41728
41737
41742
41749
41762
41769
41777
41785
41793
41801
41809
41817
41825
41833
41841
41849
41857
41865
41873
41881
41889
41897
41905
41913
41921
41929
41937
41945
41953
41961
41969
41977
41985
41993
42001
42009
42017
42025
42033
42041
42049
42057
42065
42073
42081
42089
42096
42103
42110
42119
42122
42130
42138
42146
42154
42162
42170
42178
42186
42194
42202
42210
42218
42226
42234
42242
42250
42258
42266
42274
42282
42290
42298
42306
42314
42322
42330
42337
42344
42351
42356
42362
42368
42373
42379
42385
42387
42392
42399
42406
42459
42467
42474
42481
42488
42495
42501
42505
42510
42515
42521
42527
42534
42540
42547
42555
42565
42573
42581
42589
42597
42605
42613
42621
42629
42637
42645
42653
42661
42669
42677
42685
42693
42701
42709
42717
42725
42733
42741
42749
42757
42765
42773
42781
42789
42797
42805
42813
42821
42829
42837
42845
42853
42861
42868
42875
42882
42894
42900
42908
42916
42924
42932
42940
42948
42956
42964
42972
42980
42988
42996
43004
43012
43020
43028
43036
43044
43052
43060
43068
43076
43084
43092
43100
43108
43116
43124
43132
43140
43148
43157
43162
43168
43174
43180
43183
43184
43190
43197
43204
43260
43267
43274
43281
43287
43298
43305
43311
43318
43325
43332
43339
43347
43354
43361
43368
43379
43387
43395
43403
43411
43419
43427
43435
43443
43451
43459
43467
43475
43483
43491
43499
43507
43515
43523
43531
43539
43547
43555
43563
43571
43579
43587
43595
43603
43611
43619
43627
43635
43643
43650
43657
43663
43672
43680
43688
43696
43704
43712
43720
43728
43736
43744
43752
43760
43768
43776
43784
43792
43800
43808
43816
43824
43832
43840
43848
43856
43864
43872
43880
43888
43896
43904
43912
43920
43928
43936
43944
43951
43958
43965
43972
43977
43984
43991
43996
44002
44008
44018
44020
44070
44082
44090
44098
44105
44112
44119
44126
44134
44141
44148
44155
44160
44167
44175
44183
44191
44199
44207
44215
44223
44231
44239
44247
44255
44263
44271
44279
44287
44295
44303
44311
44319
44327
44335
44343
44351
44359
44367
44375
44383
44391
44399
44407
44415
44423
44428
44435
44440
44447
44454
44463
44471
44479
44487
44495
44503
44511
44519
44527
44535
44543
44551
44559
44567
44575
44583
44591
44599
44607
44615
44623
44631
44639
44647
44655
44663
44671
44679
44687
44695
44703
44711
44719
44727
44735
44743
44751
44758
44765
44772
44778
44784
44792
44799
44803
44809
44824
44831
44842
44886
44894
44899
44904
44908
44915
44920
44928
44935
44943
44950
44957
44963
44969
44977
44985
44993
45001
45009
45017
45025
45033
45041
45049
45057
45065
45073
45081
45089
45097
45105
45113
45121
45129
45137
45145
45153
45161
45169
45177
45185
45193
45201
45209
45215
45222
45229
45237
45249
45257
45265
45273
45281
45289
45297
45305
45313
45321
45329
45337
45345
45353
45361
45369
45377
45385
45394
45400
45406
45413
45421
45429
45437
45445
45453
45461
45469
45477
45485
45493
45501
45509
45517
45525
45532
45539
45546
45551
45558
45565
45573
45581
45588
45595
45606
45616
45623
45631
45638
45645
45688
45696
45699
45705
45712
45719
45726
45734
45741
45749
45757
45764
45771
45778
45782
45789
45797
45805
45813
45821
45829
45837
45845
45853
45861
45869
45877
45885
45893
45901
45909
45917
45925
45933
45941
45949
45957
45965
45973
45981
45989
45997
46005
46012
46019
46026
46031
46037
46045
46053
46061
46069
46077
46085
46093
46101
46109
46117
46125
46133
46141
46149
46157
46165
46173
46181
46189
46197
46205
46213
46221
46229
46237
46245
46253
46261
46269
46277
46285
46293
46301
46310
46317
46324
46331
46338
46343
46350
46358
46366
46374
46383
46390
46397
46404
46411
46413
46419
46424
46432
46479
46485
46492
46499
46502
46514
46520
46527
46538
46545
46553
46560
46567
46574
46581
46588
46596
46604
46612
46620
46628
46636
46644
46652
46660
46668
46676
46684
46692
46700
46708
46716
46724
46732
46740
46748
46756
46764
46772
46780
46788
46796
46804
46811
46818
46825
46831
46838
46846
46854
46862
46870
46878
46886
46894
46902
46910
46918
46926
46934
46942
46950
46958
46966
46974
46982
46990
46998
47006
47014
47022
47030
47038
47046
47054
47062
47070
47078
47086
47094
47102
47111
47118
47125
47132
47134
47143
47151
47159
47167
47175
47182
47189
47195
47202
47210
47215
47219
47227
47237
47282
47289
47296
47303
47308
47314
47324
47331
47338
47345
47353
47360
47367
47374
47381
47387
47399
47407
47415
47423
47431
47439
47447
47455
47463
47471
47479
47487
47495
47503
47511
47519
47527
47535
47543
47551
47559
47567
47575
47583
47591
47598
47605
47612
47619
47630
47638
47646
47654
47662
47670
47678
47686
47694
47702
47710
47718
47726
47734
47742
47750
47758
47766
47774
47782
47790
47798
47806
47814
47822
47830
47838
47846
47854
47862
47870
47878
47886
47896
47903
47910
47917
47924
47934
47942
47950
47958
47964
47971
47978
47985
47996
48006
48013
48020
48029
48033
48039
48047
48055
48090
48098
48105
48110
48116
48122
48132
48142
48149
48160
48167
48174
48182
48190
48198
48206
48214
48222
48230
48238
48246
48254
48262
48270
48278
48286
48294
48302
48310
48318
48326
48334
48342
48350
48358
48366
48374
48382
48390
48398
48406
48413
48420
48427
48438
48447
48455
48463
48471
48479
48487
48495
48503
48511
48519
48527
48535
48543
48551
48559
48567
48575
48583
48591
48599
48607
48615
48623
48631
48639
48647
48655
48663
48671
48679
48687
48695
48703
48710
48717
48724
48734
48739
48747
48754
48761
48768
48773
48780
48787
48791
48798
48805
48810
48818
48826
48834
48842
48850
48858
48893
48900
48907
48914
48921
48928
48934
48941
48947
48953
48959
48965
48970
48979
48985
48992
49000
49008
49016
49024
49032
49040
49048
49056
49064
49072
49080
49088
49096
49104
49112
49120
49128
49136
49144
49152
49160
49168
49176
49184
49192
49200
49208
49215
49222
49229
49240
49249
49256
49263
49271
49279
49287
49295
49303
49311
49319
49327
49335
49343
49351
49359
49367
49375
49383
49391
49399
49407
49415
49423
49431
49439
49447
49455
49463
49471
49479
49487
49494
49501
49508
49510
49519
49527
49534
49541
49548
49553
49564
49569
49576
49583
49590
49599
49608
49616
49624
49632
49640
49647
49692
49699
49706
49713
49720
49727
49730
49736
49744
49752
49759
49765
49771
49777
49782
49793
49802
49810
49818
49826
49834
49842
49850
49858
49866
49874
49882
49890
49898
49906
49914
49922
49930
49938
49946
49954
49962
49970
49978
49986
49994
50002
50010
50018
50026
50034
50041
50048
50057
50064
50072
50080
50088
50096
50104
50112
50120
50128
50136
50144
50152
50160
50168
50176
50184
50192
50200
50208
50216
50224
50232
50240
50248
50256
50264
50272
50280
50287
50294
50301
50306
50313
50320
50328
50335
50342
50349
50351
50358
50366
50376
50383
50390
50404
50412
50420
50428
50436
50444
50452
50491
50497
50504
50511
50522
50530
50538
50546
50554
50561
50568
50575
50582
50590
50594
50601
50608
50616
50624
50632
50640
50648
50656
50664
50672
50680
50688
50696
50704
50712
50720
50728
50736
50744
50752
50760
50768
50776
50784
50792
50800
50808
50816
50824
50831
50838
50845
50850
50857
50865
50873
50881
50889
50897
50905
50913
50921
50929
50937
50945
50953
50961
50969
50977
50985
50993
51001
51009
51017
51025
51033
51041
51049
51057
51065
51071
51078
51085
51092
51095
51105
51113
51121
51127
51134
51141
51150
51159
51167
51174
51181
51188
51197
51204
51212
51220
51228
51236
51244
51252
51300
51307
51315
51322
51330
51338
51346
51354
51362
51370
51376
51380
51386
51392
51399
51406
51410
51416
51425
51430
51437
51445
51453
51461
51469
51477
51485
51493
51501
51509
51517
51525
51533
51541
51550
51558
51566
51574
51582
51590
51598
51606
51614
51622
51632
51639
51646
51654
51663
51671
51679
51687
51695
51703
51711
51719
51727
51735
51743
51751
51759
51767
51775
51783
51791
51799
51807
51815
51823
51831
51839
51847
51855
51863
51870
51877
51880
51889
51897
51904
51911
51918
51925
51933
51941
51949
51956
51963
51970
51976
51983
51991
51999
52007
52015
52023
52031
52039
52047
52055
52105
52115
52124
52132
52140
52148
52156
52164
52172
52180
52183
52190
52198
52206
52211
52217
52223
52226
52235
52243
52250
52264
52272
52280
52288
52296
52304
52312
52320
52328
52336
52344
52352
52360
52368
52376
52384
52392
52400
52408
52415
52422
52429
52436
52443
52451
52459
52467
52475
52483
52491
52499
52507
52515
52523
52531
52539
52547
52555
52563
52571
52579
52587
52595
52603
52611
52619
52627
52635
52643
52651
52659
52665
52672
52679
52688
52690
52697
52704
52711
52718
52728
52736
52743
52750
52757
52765
52769
52777
52785
52793
52801
52809
52817
52825
52833
52841
52849
52857
52865
52907
52913
52919
52925
52931
52939
52947
52954
52962
52969
52976
52983
52990
52997
53003
53007
53013
53019
53025
53031
53037
53042
53048
53056
53064
53072
53080
53088
53096
53104
53112
53120
53128
53136
53144
53152
53160
53168
53176
53184
53193
53200
53207
53214
53223
53231
53239
53247
53255
53263
53271
53279
53287
53295
53303
53311
53319
53327
53335
53343
53351
53359
53367
53375
53383
53391
53399
53407
53415
53423
53431
53439
53447
53455
53462
53469
53476
53478
53487
53495
53503
53511
53519
53527
53534
53541
53547
53551
53557
53566
53577
53585
53593
53601
53609
53617
53625
53633
53641
53649
53690
53698
53705
53712
53719
53728
53736
53744
53752
53760
53768
53776
53784
53792
53800
53803
53810
53816
53822
53835
53842
53845
53851
53859
53867
53875
53883
53891
53899
53907
53915
53923
53931
53939
53947
53955
53963
53971
53979
53987
53994
54000
54007
54014
54020
54027
54035
54043
54051
54059
54067
54075
54083
54091
54099
54107
54115
54123
54131
54139
54147
54155
54163
54171
54179
54187
54195
54203
54211
54219
54227
54235
54242
54249
54256
54265
54268
54275
54283
54291
54299
54307
54315
54323
54331
54339
54346
54352
54359
54364
54370
54377
54385
54391
54397
54405
54413
54421
54429
54437
54481
54489
54497
54504
54511
54518
54527
54537
54545
54553
54561
54569
54577
54585
54593
54600
54607
54614
54621
54623
54629
54636
54644
54651
54657
54665
54673
54681
54689
54697
54705
54713
54721
54729
54737
54745
54753
54761
54769
54777
54784
54791
54798
54805
54811
54819
54827
54835
54843
54851
54859
54867
54875
54883
54891
54899
54907
54915
54923
54931
54939
54947
54955
54963
54971
54979
54987
54995
55003
55011
55019
55027
55032
55039
55046
55053
55055
55066
55074
55082
55090
55098
55106
55114
55122
55130
55138
55146
55153
55160
55166
55172
55179
55184
55198
55206
55214
55222
55230
55238
55279
55287
55294
55301
55308
55315
55323
55331
55339
55347
55355
55363
55371
55379
55387
55395
55403
55411
55418
55424
55431
55438
55445
55456
55464
55472
55480
55488
55496
55504
55512
55520
55528
55536
55544
55552
55560
55568
55576
55583
55589
55596
55603
55609
55617
55625
55633
55641
55649
55657
55665
55673
55681
55689
55697
55705
55713
55721
55729
55737
55745
55753
55761
55769
55777
55785
55793
55801
55809
55817
55824
55831
55838
55845
55854
55862
55870
55878
55886
55894
55902
55910
55918
55926
55934
55942
55950
55956
55963
55970
55976
55982
55986
55991
56001
56011
56020
56028
56036
56044
56089
56096
56103
56110
56120
56128
56136
56144
56152
56160
56168
56176
56184
56192
56199
56206
56212
56218
56222
56232
56240
56245
56252
56260
56268
56276
56284
56292
56300
56308
56316
56324
56332
56340
56348
56356
56364
56372
56379
56386
56393
56400
56406
56413
56421
56429
56437
56445
56453
56461
56469
56477
56485
56493
56501
56509
56517
56525
56533
56541
56549
56557
56565
56573
56581
56589
56597
56605
56611
56618
56626
56636
56642
56650
56658
56666
56674
56682
56690
56698
56706
56714
56722
56730
56738
56746
56754
56762
56769
56776
56782
56784
56793
56799
56806
56813
56818
56824
56832
56840
56879
56882
56890
56896
56903
56910
56916
56923
56931
56939
56947
56955
56963
56971
56979
56987
56995
57003
57009
57012
57018
57024
57030
57034
57037
57045
57051
57059
57067
57075
57083
57091
57099
57107
57115
57123
57131
57139
57147
57155
57163
57171
57178
57185
57192
57201
57205
57213
57221
57229
57237
57245
57253
57261
57269
57277
57285
57293
57301
57309
57317
57325
57333
57341
57349
57357
57365
57373
57381
57389
57397
57405
57412
57419
57426
57431
57438
57446
57454
57462
57470
57478
57486
57494
57502
57510
57518
57526
57534
57542
57552
57559
57566
57573
57584
57592
57600
57607
57614
57621
57666
57674
57681
57689
57697
57706
57713
57721
57729
57737
57745
57753
57761
57769
57777
57785
57793
57801
57809
57815
57817
57824
57830
57836
57841
57847
57861
57869
57877
57885
57893
57901
57909
57917
57925
57933
57941
57949
57957
57965
57973
57984
57990
57997
58008
58016
58024
58032
58040
58048
58056
58064
58072
58080
58088
58096
58104
58112
58120
58128
58136
58144
58152
58160
58168
58176
58184
58191
58198
58205
58212
58219
58226
58234
58242
58250
58258
58266
58274
58282
58290
58298
58306
58314
58322
58330
58338
58346
58354
58362
58370
58377
58384
58394
58400
58406
58411
58419
58427
58435
58472
58480
58489
58496
58503
58505
58514
58522
58530
58538
58546
58554
58562
58570
58578
58586
58594
58602
58610
58617
58624
58631
58637
58642
58649
58658
58667
58675
58683
58691
58699
58707
58715
58723
58731
58739
58747
58758
58765
58771
58778
58785
58792
58799
58803
58810
58818
58826
58834
58842
58850
58858
58866
58874
58882
58890
58898
58906
58914
58922
58930
58938
58946
58954
58962
58968
58975
58982
58989
58995
59004
59011
59019
59027
59035
59043
59051
59059
59067
59075
59083
59091
59099
59107
59115
59123
59131
59139
59147
59155
59163
59171
59180
59187
59193
59199
59205
59217
59227
59231
59275
59283
59290
59297
59302
59310
59318
59326
59334
59342
59350
59358
59366
59374
59382
59390
59398
59407
59413
59420
59427
59433
59440
59450
59457
59464
59471
59479
59487
59495
59503
59511
59519
59527
59535
59543
59551
59559
59566
59573
59581
59594
59602
59610
59618
59626
59634
59642
59650
59658
59666
59674
59682
59690
59698
59706
59714
59722
59730
59738
59746
59754
59762
59769
59776
59783
59795
59804
59812
59820
59828
59836
59844
59852
59860
59868
59876
59884
59892
59900
59908
59916
59924
59932
59940
59948
59956
59964
59972
59980
59987
59994
60007
60014
60021
60025
60036
60044
60052
60060
60097
60102
60111
60119
60127
60135
60143
60151
60159
60167
60175
60183
60191
60198
60205
60212
60221
60230
60238
60246
60254
60261
60268
60278
60284
60292
60300
60308
60316
60324
60332
60340
60348
60355
60362
60369
60376
60382
60390
60398
60406
60414
60422
60430
60438
60446
60454
60462
60470
60478
60486
60494
60502
60510
60518
60526
60534
60542
60550
60557
60564
60572
60579
60587
60595
60603
60611
60619
60627
60635
60643
60651
60659
60667
60675
60683
60691
60699
60707
60715
60723
60731
60739
60747
60755
60763
60771
60778
60785
60794
60801
60806
60812
60820
60825
60831
60838
60846
60854
60862
60908
60914
60922
60933
60941
60949
60957
60965
60973
60981
60989
60997
61004
61009
61016
61024
61036
61044
61050
61057
61064
61069
61075
61084
61092
61100
61108
61116
61124
61132
61140
61148
61155
61162
61169
61178
61185
61193
61201
61209
61217
61225
61233
61241
61249
61261
61270
61278
61286
61294
61302
61310
61317
61324
61331
61338
61346
61354
61362
61370
61378
61386
61394
61402
61410
61418
61426
61434
61442
61450
61458
61466
61474
61482
61490
61498
61506
61514
61522
61530
61538
61546
61554
61562
61570
61578
61586
61593
61600
61607
61613
61623
61627
61634
61641
61650
61658
61666
61674
61682
61722
61729
61732
61740
61748
61756
61764
61772
61780
61788
61796
61804
61811
61818
61825
61833
61839
61847
61862
61870
61878
61886
61894
61902
61910
61918
61926
61933
61940
61947
61953
61959
61968
61976
61984
61992
62000
62008
62016
62024
62032
62040
62048
62056
62064
62072
62080
62088
62096
62103
62110
62117
62130
62138
62146
62154
62162
62170
62178
62186
62194
62202
62210
62218
62226
62234
62242
62250
62258
62266
62274
62282
62290
62298
62306
62314
62322
62330
62338
62346
62354
62362
62370
62378
62386
62393
62399
62406
62412
62418
62426
62433
62439
62445
62452
62460
62468
62476
62484
62492
62528
62534
62538
62545
62554
62562
62570
62578
62586
62594
62601
62609
62616
62623
62634
62636
62646
62656
62666
62674
62682
62690
62698
62706
62714
62722
62730
62738
62746
62753
62760
62767
62774
62782
62791
62799
62807
62815
62823
62831
62839
62847
62855
62863
62871
62879
62886
62893
62900
62912
62916
62923
62931
62939
62947
62955
62963
62971
62979
62987
62995
63003
63011
63019
63027
63035
63043
63051
63059
63067
63075
63083
63091
63099
63107
63115
63123
63131
63139
63147
63155
63163
63171
63179
63187
63191
63198
63206
63212
63218
63223
63228
63233
63240
63250
63258
63278
63289
63296
63301
63352
63360
63368
63376
63384
63392
63400
63408
63415
63422
63428
63434
63439
63449
63461
63468
63476
63484
63492
63500
63508
63516
63524
63532
63540
63548
63556
63564
63572
63579
63586
63593
63600
63610
63618
63626
63633
63640
63649
63656
63664
63672
63680
63688
63696
63704
63712
63720
63728
63736
63744
63752
63760
63768
63776
63784
63792
63800
63808
63816
63824
63832
63840
63848
63856
63864
63868
63876
63884
63892
63900
63908
63916
63924
63932
63940
63948
63956
63964
63972
63979
63986
63993
64002
64009
64016
64024
64031
64038
64050
64058
64066
64074
64082
64090
64098
64105
64112
64119
64125
64175
64183
64191
64199
64207
64215
64226
64232
64239
64246
64253
64259
64264
64265
64275
64277
64283
64291
64299
64307
64315
64323
64331
64339
64347
64355
64363
64370
64377
64384
64393
64401
64409
64416
64423
64430
64438
64443
64451
64459
64467
64475
64483
64491
64499
64507
64515
64523
64531
64539
64547
64555
64563
64571
64579
64587
64595
64603
64611
64619
64627
64635
64643
64651
64659
64667
64675
64683
64691
64699
64707
64715
64723
64731
64739
64747
64755
64763
64771
64778
64785
64792
64800
64809
64817
64824
64831
64838
64844
64850
64858
64866
64874
64882
64889
64896
64903
64913
64921
64929
64962
64970
64978
64986
64994
65002
65010
65018
65026
65033
65040
65047
65056
65058
65065
65072
65079
65084
65090
65098
65106
65114
65122
65130
65138
65146
65154
65162
65170
65180
65187
65194
65203
65211
65219
65226
65233
65240
65250
65257
65265
65273
65281
65289
65297
65305
65313
65321
65329
65337
65345
65353
65361
65369
65377
65385
65393
65401
65409
65417
65425
65433
65441
65449
65457
65465
65473
65481
65489
65497
65505
65513
65521
65529
65537
65545
65553
65565
65572
65579
65586
65594
65602
65610
65618
65626
65634
65639
65645
65652
65660
65665
65674
65680
65687
65694
65700
65707
65714
65722
65757
65765
65773
65781
65789
65797
65805
65813
65821
65829
65837
65845
65852
65858
65864
65870
65875
65879
65882
65887
65891
65899
65907
65915
65923
65931
65939
65946
65954
65962
65970
65978
65986
65994
66001
66007
66015
66020
66026
66033
66038
66045
66051
66058
66066
66074
66082
66090
66098
66106
66114
66122
66130
66138
66146
66154
66162
66170
66178
66186
66194
66202
66210
66218
66226
66234
66242
66250
66258
66266
66274
66282
66290
66298
66306
66314
66322
66330
66338
66345
66353
66360
66367
66376
66384
66392
66400
66408
66416
66424
66432
66440
66448
66453
66457
66463
66471
66484
66495
66501
66542
66550
66558
66566
66574
66582
66590
66598
66606
66614
66622
66630
66638
66646
66652
66658
66664
66669
66678
66683
66687
66695
66703
66711
66719
66727
66735
66743
66751
66759
66767
66775
66783
66791
66799
66807
66814
66818
66825
66831
66837
66843
66852
66859
66865
66872
66880
66888
66896
66904
66912
66920
66928
66936
66944
66952
66960
66968
66976
66984
66992
67000
67008
67016
67024
67032
67040
67048
67056
67064
67072
67080
67088
67096
67104
67112
67115
67123
67130
67137
67144
67151
67156
67164
67172
67180
67188
67196
67204
67212
67220
67228
67236
67244
67251
67258
67265
67269
67274
67280
67330
67338
67346
67354
67362
67370
67378
67386
67394
67402
67410
67418
67426
67434
67442
67445
67449
67455
67461
67467
67472
67475
67480
67490
67495
67503
67511
67519
67527
67535
67543
67551
67559
67567
67575
67583
67591
67599
67607
67617
67623
67630
67637
67641
67647
67652
67659
67666
67673
67681
67688
67696
67704
67712
67720
67728
67736
67744
67752
67760
67768
67776
67784
67792
67800
67808
67816
67824
67832
67840
67848
67856
67864
67873
67880
67888
67896
67904
67912
67920
67928
67934
67941
67950
67958
67966
67974
67982
67990
67998
68006
68014
68022
68030
68038
68045
68052
68059
68064
68067
68125
68133
68141
68149
68157
68165
68173
68181
68189
68197
68205
68213
68221
68229
68237
68245
68253
68259
68265
68269
68276
68281
68285
68291
68298
68303
68310
68318
68326
68334
68342
68350
68358
68366
68374
68382
68390
68398
68406
68414
68419
68425
68434
68440
68446
68454
68461
68468
68476
68481
68489
68497
68505
68513
68521
68529
68537
68545
68553
68561
68569
68577
68585
68593
68601
68609
68617
68625
68633
68641
68649
68657
68665
68673
68681
68689
68695
68699
68706
68713
68726
68734
68742
68750
68758
68766
68774
68782
68790
68798
68806
68814
68821
68828
68835
68838
68849
68857
68865
68873
68919
68926
68934
68942
68950
68958
68966
68974
68982
68990
68998
69006
69014
69022
69030
69038
69046
69054
69062
69069
69075
69081
69087
69092
69097
69102
69108
69117
69124
69132
69140
69148
69156
69164
69172
69180
69188
69196
69204
69212
69220
69228
69235
69242
69248
69252
69261
69264
69271
69280
69289
69297
69305
69313
69321
69329
69337
69345
69353
69361
69369
69377
69385
69393
69401
69409
69417
69425
69433
69441
69449
69457
69465
69473
69481
69487
69494
69501
69510
69518
69526
69534
69542
69550
69558
69566
69574
69582
69590
69598
69605
69612
69619
69628
69639
69647
69655
69663
69671
69679
69720
69727
69740
69748
69756
69764
69772
69780
69788
69796
69804
69812
69820
69828
69836
69844
69851
69858
69865
69871
69879
69884
69888
69897
69904
69912
69916
69921
69929
69937
69945
69953
69961
69969
69977
69985
69993
70001
70009
70017
70025
70032
70039
70045
70051
70055
70062
70068
70073
70080
70086
70094
70102
70110
70118
70126
70134
70141
70148
70157
70165
70173
70181
70189
70197
70205
70213
70221
70229
70237
70245
70253
70261
70269
70277
70285
70297
70304
70311
70318
70327
70335
70343
70351
70359
70367
70375
70383
70391
70398
70405
70414
70425
70433
70441
70449
70457
70465
70473
70481
70528
70535
70541
70545
70554
70562
70570
70578
70586
70594
70602
70610
70618
70626
70634
70642
70649
70656
70663
70675
70678
70682
70689
70696
