4
12
20
28
36
44
52
60
68
76
84
92
100
108
116
124
132
140
148
156
164
172
180
188
196
204
212
220
228
236
244
252
260
268
276
284
292
300
308
316
324
332
340
348
356
364
372
380
388
396
404
412
420
428
436
444
452
460
468
476
484
492
500
508
516
524
532
540
548
556
564
572
580
588
596
604
612
620
628
636
644
652
660
668
676
684
692
700
708
716
724
732
740
748
756
764
772
780
788
796
804
809
813
823
831
839
847
855
863
871
879
887
895
903
911
919
927
935
943
951
959
967
975
983
991
999
1007
1015
1023
1031
1039
1047
1055
1063
1071
1079
1087
1095
1103
1111
1119
1127
1135
1143
1151
1159
1167
1175
1183
1191
1199
1207
1215
1223
1231
1239
1247
1255
1263
1271
1279
1287
1295
1303
1311
1319
1327
1335
1343
1351
1359
1367
1375
1383
1391
1399
1407
1415
1423
1431
1439
1447
1455
1463
1471
1479
1487
1495
1503
1511
1519
1527
1535
1543
1551
1559
1567
1575
1583
1589
1604
1612
1616
1621
1635
1643
1651
1659
1667
1675
1683
1691
1699
1707
1715
1723
1731
1739
1747
1755
1763
1771
1779
1787
1795
1803
1811
1819
1827
1835
1843
1851
1859
1867
1875
1883
1891
1899
1907
1915
1923
1931
1939
1947
1955
1963
1971
1979
1987
1995
2003
2011
2019
2027
2035
2043
2051
2059
2067
2075
2083
2091
2099
2107
2115
2123
2131
2139
2147
2155
2163
2171
2179
2187
2195
2203
2211
2219
2227
2235
2243
2251
2259
2267
2275
2283
2291
2299
2307
2315
2323
2331
2339
2347
2355
2363
2370
2376
2381
2390
2421
2426
2432
2440
2443
2452
2458
2463
2470
2478
2486
2494
2502
2510
2518
2526
2534
2542
2550
2558
2566
2574
2582
2590
2598
2606
2614
2622
2630
2638
2646
2654
2662
2670
2678
2686
2694
2702
2710
2718
2726
2734
2742
2750
2758
2766
2774
2782
2790
2798
2806
2814
2822
2830
2838
2846
2854
2862
2870
2878
2886
2894
2902
2910
2918
2926
2934
2942
2950
2958
2966
2974
2982
2990
2998
3006
3014
3022
3030
3038
3046
3054
3062
3070
3078
3086
3094
3102
3110
3118
3126
3134
3142
3149
3158
3164
3172
3177
3182
3195
3239
3246
3249
3258
3263
3271
3279
3287
3295
3303
3311
3319
3327
3335
3343
3351
3359
3367
3375
3383
3391
3399
3407
3415
3423
3431
3439
3447
3455
3463
3471
3479
3487
3495
3503
3511
3519
3527
3535
3543
3551
3559
3567
3575
3583
3591
3599
3607
3615
3623
3631
3639
3647
3655
3663
3671
3679
3687
3695
3703
3711
3719
3727
3735
3743
3751
3759
3767
3781
3789
3796
3804
3812
3820
3828
3836
3844
3852
3860
3868
3876
3884
3892
3900
3908
3916
3924
3931
3944
3952
3960
3967
3973
3977
3981
3987
3988
3995
4002
4009
4049
4056
4059
4064
4069
4073
4080
4088
4096
4104
4112
4120
4128
4136
4144
4152
4160
4168
4176
4184
4192
4200
4208
4216
4224
4232
4240
4248
4256
4264
4272
4280
4288
4296
4304
4312
4320
4328
4336
4344
4352
4360
4368
4376
4384
4392
4400
4408
4416
4424
4432
4440
4448
4456
4464
4472
4480
4488
4496
4504
4512
4520
4528
4536
4544
4552
4560
4568
4576
4584
4592
4600
4608
4616
4624
4632
4640
4648
4656
4664
4672
4680
4688
4696
4704
4712
4724
4728
4736
4744
4752
4760
4768
4773
4778
4785
4789
4796
4802
4806
4846
4854
4859
4865
4871
4878
4882
4890
4898
4906
4914
4922
4930
4938
4946
4954
4962
4970
4978
4986
4994
5002
5010
5018
5026
5034
5042
5050
5058
5066
5074
5082
5090
5098
5106
5114
5122
5130
5138
5146
5154
5162
5170
5178
5186
5194
5202
5210
5218
5226
5234
5242
5250
5258
5266
5274
5282
5290
5298
5306
5314
5322
5330
5338
5346
5354
5362
5370
5378
5386
5394
5402
5410
5418
5426
5434
5442
5453
5461
5469
5477
5485
5492
5495
5500
5507
5515
5523
5531
5539
5546
5555
5563
5571
5578
5583
5587
5593
5598
5606
5637
5646
5652
5661
5672
5679
5686
5693
5701
5709
5717
5725
5733
5741
5749
5757
5765
5773
5781
5789
5797
5805
5813
5821
5829
5837
5845
5853
5861
5869
5877
5885
5893
5901
5909
5917
5925
5933
5941
5949
5957
5965
5973
5981
5989
5997
6005
6013
6021
6029
6037
6045
6053
6061
6069
6077
6085
6093
6101
6109
6117
6125
6133
6141
6149
6157
6165
6173
6181
6189
6197
6205
6213
6221
6229
6237
6245
6253
6261
6269
6277
6285
6293
6301
6308
6318
6325
6332
6339
6349
6362
6369
6380
6387
6398
6405
6413
6421
6428
6430
6464
6470
6475
6483
6490
6498
6508
6516
6524
6532
6540
6548
6556
6564
6572
6580
6588
6596
6604
6612
6620
6628
6636
6644
6652
6660
6668
6676
6684
6692
6700
6708
6716
6724
6732
6740
6748
6756
6764
6772
6780
6788
6796
6804
6812
6820
6828
6836
6844
6852
6860
6868
6876
6884
6892
6900
6908
6916
6924
6932
6940
6948
6956
6964
6972
6980
6988
6996
7004
7012
7020
7028
7036
7044
7052
7060
7068
7075
7088
7096
7104
7112
7120
7127
7130
7139
7147
7154
7161
7176
7184
7191
7198
7200
7209
7217
7224
7231
7233
7241
7271
7279
7285
7291
7296
7302
7304
7309
7317
7325
7333
7341
7349
7357
7365
7373
7381
7389
7397
7405
7413
7421
7429
7437
7445
7453
7461
7469
7477
7485
7493
7501
7509
7517
7525
7533
7541
7549
7557
7565
7573
7581
7589
7597
7605
7613
7621
7629
7637
7645
7653
7661
7669
7677
7685
7693
7701
7709
7717
7725
7733
7741
7749
7757
7765
7773
7781
7789
7797
7805
7813
7821
7829
7837
7845
7853
7861
7869
7876
7887
7895
7903
7910
7921
7925
7933
7941
7949
7957
7964
7971
7982
7988
7997
8005
8012
8019
8026
8034
8042
8066
8074
8082
8088
8091
8099
8111
8119
8127
8135
8143
8151
8159
8167
8175
8183
8191
8199
8207
8215
8223
8231
8239
8247
8255
8263
8271
8279
8287
8295
8303
8311
8319
8327
8335
8343
8351
8359
8367
8375
8383
8391
8399
8407
8415
8423
8431
8439
8447
8455
8463
8471
8479
8487
8495
8503
8511
8519
8527
8535
8543
8551
8559
8567
8575
8583
8591
8599
8607
8615
8623
8631
8639
8647
8655
8663
8671
8678
8685
8693
8698
8705
8712
8718
8725
8733
8741
8749
8756
8764
8774
8781
8783
8790
8797
8804
8811
8818
8823
8829
8859
8867
8874
8881
8887
8894
8903
8910
8917
8919
8928
8936
8944
8952
8960
8968
8976
8984
8992
9000
9007
9015
9023
9031
9039
9047
9055
9063
9071
9079
9087
9095
9103
9111
9119
9127
9135
9143
9151
9159
9167
9175
9183
9191
9199
9207
9215
9223
9231
9239
9247
9255
9263
9271
9279
9287
9295
9303
9311
9319
9327
9335
9343
9351
9359
9367
9375
9383
9391
9399
9407
9415
9423
9431
9439
9447
9455
9463
9471
9478
9489
9496
9503
9511
9518
9521
9533
9541
9549
9557
9564
9570
9576
9586
9593
9601
9609
9616
9626
9635
9663
9668
9675
9679
9684
9692
9699
9706
9714
9718
9726
9734
9742
9750
9758
9766
9774
9782
9790
9798
9806
9814
9822
9830
9838
9846
9854
9862
9870
9878
9886
9894
9902
9910
9918
9926
9934
9942
9950
9958
9966
9974
9982
9990
9998
10006
10014
10022
10030
10038
10046
10054
10062
10070
10078
10086
10094
10102
10110
10118
10126
10134
10142
10150
10158
10166
10174
10182
10190
10198
10206
10214
10222
10230
10238
10246
10254
10262
10269
10276
10283
10291
10296
10301
10305
10312
10318
10325
10333
10341
10349
10357
10365
10372
10379
10385
10391
10398
10404
10410
10450
10456
10463
10470
10479
10488
10496
10503
10515
10523
10531
10539
10547
10555
10563
10571
10579
10587
10595
10603
10611
10619
10627
10635
10643
10651
10659
10667
10675
10683
10691
10699
10707
10715
10723
10731
10739
10747
10755
10763
10771
10779
10787
10795
10803
10811
10819
10827
10835
10843
10851
10859
10867
10875
10883
10891
10899
10907
10915
10923
10931
10939
10947
10955
10963
10971
10979
10987
10995
11003
11011
11019
11027
11035
11043
11051
11059
11066
11073
11076
11082
11090
11098
11106
11114
11121
11130
11136
11144
11152
11160
11167
11174
11177
11188
11195
11202
11210
11219
11227
11269
11276
11282
11293
11300
11307
11316
11324
11332
11340
11348
11356
11364
11372
11380
11388
11396
11404
11412
11420
11428
11436
11444
11452
11460
11468
11476
11484
11492
11500
11508
11516
11524
11532
11540
11548
11556
11564
11572
11580
11588
11596
11604
11612
11620
11628
11636
11644
11652
11660
11668
11676
11684
11692
11700
11708
11716
11724
11732
11740
11748
11756
11764
11772
11780
11788
11796
11804
11812
11820
11828
11836
11844
11851
11857
11863
11870
11878
11886
11894
11902
11910
11917
11921
11928
11936
11944
11952
11959
11965
11975
11983
11991
11999
12006
12008
12018
12026
12033
12040
12070
12077
12082
12093
12102
12109
12117
12125
12133
12141
12149
12157
12165
12173
12181
12189
12197
12205
12213
12221
12229
12237
12245
12253
12261
12269
12277
12285
12293
12301
12309
12317
12325
12333
12341
12349
12357
12365
12373
12381
12389
12397
12405
12413
12421
12429
12437
12445
12453
12461
12469
12477
12485
12493
12501
12509
12517
12525
12533
12541
12549
12557
12565
12573
12581
12589
12597
12605
12613
12621
12629
12637
12645
12652
12659
12665
12671
12679
12687
12695
12703
12710
12720
12727
12735
12743
12751
12759
12766
12775
12786
12795
12802
12809
12814
12819
12828
12837
12845
12853
12884
12889
12896
12900
12907
12915
12923
12931
12939
12947
12955
12963
12971
12979
12987
12995
13003
13011
13019
13027
13035
13043
13051
13059
13067
13075
13083
13091
13099
13107
13115
13123
13131
13139
13147
13155
13163
13171
13179
13187
13195
13203
13211
13219
13227
13235
13243
13251
13259
13267
13275
13283
13291
13299
13307
13315
13323
13331
13339
13347
13355
13363
13371
13379
13387
13395
13403
13411
13419
13427
13435
13443
13450
13457
13462
13470
13477
13485
13493
13501
13508
13515
13518
13527
13535
13543
13550
13557
13567
13575
13583
13591
13599
13608
13614
13620
13625
13631
13638
13646
13672
13677
13686
13692
13699
13705
13708
13713
13721
13729
13737
13745
13753
13761
13769
13777
13785
13793
13801
13809
13817
13825
13833
13841
13849
13857
13865
13873
13881
13889
13897
13905
13913
13921
13929
13937
13945
13953
13961
13969
13977
13985
13993
14001
14009
14017
14025
14033
14041
14049
14057
14065
14073
14081
14089
14097
14105
14113
14121
14129
14137
14145
14153
14161
14169
14177
14185
14193
14201
14209
14217
14225
14233
14241
14249
14256
14263
14275
14279
14288
14296
14303
14307
14314
14322
14330
14338
14345
14358
14366
14374
14382
14390
14398
14406
14413
14420
14427
14433
14440
14478
14483
14489
14495
14499
14508
14511
14520
14528
14536
14544
14552
14560
14568
14576
14584
14592
14600
14608
14616
14624
14632
14640
14648
14656
14664
14672
14680
14688
14696
14704
14712
14720
14728
14736
14744
14752
14760
14768
14776
14784
14792
14800
14808
14816
14824
14832
14840
14848
14856
14864
14872
14880
14888
14896
14904
14912
14920
14928
14936
14944
14952
14960
14972
14980
14988
14996
15004
15012
15020
15028
15036
15044
15052
15060
15068
15075
15087
15095
15102
15109
15112
15118
15126
15133
15140
15147
15149
15155
15163
15171
15179
15187
15195
15202
15209
15212
15220
15228
15235
15268
15273
15280
15287
15294
15301
15308
15315
15323
15334
15342
15350
15358
15366
15374
15382
15390
15398
15406
15414
15422
15430
15438
15446
15454
15462
15470
15478
15486
15494
15502
15510
15518
15526
15534
15542
15550
15558
15566
15574
15582
15590
15598
15606
15614
15622
15629
15637
15645
15652
15659
15666
15674
15682
15690
15698
15706
15714
15722
15730
15738
15746
15754
15762
15770
15778
15786
15794
15802
15810
15818
15826
15834
15842
15850
15858
15866
15874
15882
15889
15895
15902
15910
15916
15923
15927
15933
15940
15947
15953
15960
15968
15976
15984
15991
15998
16003
16013
16021
16028
16062
16069
16078
16088
16094
16103
16110
16117
16129
16137
16145
16153
16161
16169
16177
16185
16193
16201
16209
16217
16225
16233
16241
16249
16257
16265
16273
16281
16289
16297
16305
16313
16321
16329
16337
16345
16353
16361
16369
16377
16385
16393
16401
16409
16417
16425
16433
16441
16449
16457
16465
16473
16481
16489
16497
16505
16513
16521
16529
16537
16545
16553
16561
16569
16577
16585
16593
16601
16609
16617
16625
16633
16641
16649
16657
16665
16672
16684
16691
16697
16704
16711
16723
16732
16739
16746
16748
16757
16765
16773
16780
16787
16793
16800
16808
16816
16823
16830
16837
16845
16875
16881
16888
16895
16901
16906
16912
16919
16932
16940
16948
16956
16964
16972
16980
16988
16996
17004
17012
17020
17028
17036
17044
17052
17060
17068
17076
17084
17092
17100
17108
17116
17124
17132
17140
17148
17156
17164
17172
17180
17188
17196
17204
17212
17220
17228
17236
17244
17252
17260
17268
17276
17284
17292
17300
17308
17316
17324
17332
17340
17348
17356
17364
17372
17380
17388
17396
17404
17412
17420
17428
17436
17444
17452
17460
17467
17479
17487
17495
17502
17509
17515
17521
17529
17536
17543
17549
17556
17564
17572
17579
17586
17592
17600
17608
17615
17622
17627
17634
17642
17672
17680
17687
17694
17701
17706
17714
17721
17723
17731
17739
17747
17755
17763
17771
17779
17787
17795
17803
17811
17819
17827
17835
17843
17851
17859
17867
17875
17883
17891
17899
17907
17915
17923
17931
17939
17947
17955
17963
17971
17979
17987
17995
18003
18011
18019
18027
18035
18043
18051
18059
18067
18075
18083
18091
18099
18107
18115
18123
18131
18139
18147
18155
18163
18171
18179
18187
18195
18203
18211
18219
18227
18235
18243
18251
18259
18267
18274
18281
18288
18296
18304
18312
18318
18323
18329
18334
18341
18349
18357
18365
18373
18380
18393
18401
18409
18416
18423
18428
18435
18469
18477
18485
18492
18499
18505
18508
18513
18522
18525
18532
18540
18548
18556
18564
18572
18580
18588
18596
18604
18612
18620
18628
18636
18644
18652
18660
18668
18676
18684
18692
18700
18708
18716
18724
18732
18740
18748
18756
18764
18772
18780
18788
18796
18804
18812
18820
18828
18836
18844
18852
18860
18868
18876
18884
18892
18900
18908
18916
18924
18932
18940
18948
18956
18964
18972
18980
18988
18996
19004
19012
19020
19028
19036
19044
19052
19059
19066
19073
19081
19089
19097
19105
19112
19119
19121
19127
19133
19140
19147
19154
19160
19168
19175
19182
19189
19192
19198
19205
19213
19259
19267
19275
19283
19291
19297
19303
19310
19315
19323
19331
19339
19347
19355
19363
19371
19379
19387
19395
19403
19411
19419
19427
19435
19443
19451
19459
19467
19475
19483
19491
19499
19507
19515
19523
19531
19539
19547
19555
19563
19571
19579
19587
19595
19603
19611
19619
19627
19635
19643
19651
19659
19667
19675
19683
19691
19699
19707
19715
19723
19731
19739
19747
19755
19763
19771
19779
19787
19795
19803
19811
19819
19827
19835
19843
19851
19858
19865
19872
19883
19891
19899
19906
19916
19924
19932
19940
19948
19955
19965
19972
19976
19983
19989
19995
20005
20013
20020
20027
20039
20077
20085
20091
20097
20103
20112
20119
20127
20135
20143
20151
20159
20167
20175
20183
20191
20199
20207
20215
20223
20231
20239
20247
20255
20263
20271
20279
20287
20295
20303
20311
20319
20327
20335
20343
20351
20359
20367
20375
20383
20391
20399
20407
20415
20423
20431
20439
20447
20455
20463
20471
20479
20487
20495
20503
20511
20519
20527
20535
20543
20551
20559
20567
20575
20583
20591
20599
20607
20615
20623
20631
20639
20647
20655
20662
20669
20677
20685
20693
20700
20707
20716
20722
20730
20737
20744
20756
20764
20771
20779
20785
20793
20801
20809
20817
20825
20832
20843
20851
20859
20867
20875
20883
20891
20898
20904
20908
20914
20921
20923
20929
20937
20945
20953
20961
20966
20974
20982
20990
20998
21006
21014
21022
21030
21038
21046
21054
21062
21070
21078
21086
21094
21102
21110
21118
21126
21134
21142
21150
21158
21166
21174
21182
21190
21198
21206
21214
21222
21230
21238
21246
21254
21262
21270
21278
21286
21294
21302
21310
21318
21326
21334
21342
21350
21358
21366
21374
21382
21390
21398
21406
21414
21422
21430
21438
21446
21454
21461
21468
21475
21477
21484
21490
21498
21505
21511
21518
21526
21534
21542
21550
21557
21567
21579
21587
21594
21600
21607
21614
21621
21650
21658
21666
21674
21681
21688
21695
21702
21709
21716
21723
21732
21742
21750
21758
21766
21774
21782
21790
21797
21805
21813
21821
21829
21837
21845
21853
21861
21869
21877
21885
21893
21901
21909
21917
21925
21933
21941
21949
21957
21965
21973
21981
21989
21997
22005
22013
22021
22029
22037
22045
22053
22061
22069
22077
22085
22093
22101
22109
22117
22125
22133
22141
22149
22157
22165
22173
22181
22189
22197
22205
22213
22221
22229
22237
22245
22253
22260
22267
22274
22280
22287
22294
22303
22312
22320
22328
22336
22344
22352
22360
22368
22375
22382
22388
22401
22406
22414
22422
22431
22468
22475
22482
22489
22494
22500
22508
22515
22525
22533
22541
22549
22557
22565
22573
22581
22589
22597
22605
22613
22621
22629
22637
22645
22653
22661
22669
22677
22685
22693
22701
22709
22717
22725
22733
22741
22749
22757
22765
22773
22781
22789
22797
22805
22813
22821
22829
22837
22845
22853
22861
22869
22877
22885
22893
22901
22909
22917
22925
22933
22941
22949
22957
22965
22973
22981
22989
22997
23005
23013
23021
23029
23037
23044
23051
23058
23065
23073
23080
23087
23094
23101
23106
23111
23119
23127
23135
23143
23151
23158
23165
23169
23179
23187
23194
23203
23211
23219
23227
23235
23268
23275
23286
23293
23301
23308
23315
23317
23328
23336
23344
23352
23360
23368
23376
23384
23392
23400
23408
23416
23424
23432
23440
23448
23456
23464
23472
23480
23488
23496
23504
23512
23520
23528
23536
23544
23552
23560
23568
23576
23584
23592
23600
23608
23616
23624
23632
23640
23648
23656
23664
23672
23680
23688
23696
23704
23712
23720
23728
23736
23744
23752
23760
23768
23776
23784
23792
23800
23808
23816
23824
23832
23840
23847
23854
23860
23867
23875
23883
23891
23899
23906
23913
23918
23924
23933
23941
23949
23957
23964
23973
23978
23986
23993
24000
24009
24017
24024
24031
24038
24073
24079
24086
24093
24098
24106
24114
24123
24131
24139
24147
24155
24163
24171
24179
24187
24195
24203
24211
24219
24227
24235
24243
24251
24259
24267
24275
24283
24291
24299
24307
24315
24323
24331
24339
24347
24355
24363
24371
24379
24387
24395
24403
24411
24422
24430
24438
24446
24454
24462
24470
24478
24486
24494
24502
24510
24518
24526
24534
24542
24550
24558
24566
24574
24582
24590
24598
24606
24614
24622
24630
24638
24646
24653
24661
24670
24678
24686
24691
24698
24704
24711
24718
24726
24734
24741
24748
24754
24761
24769
24777
24785
24792
24799
24810
24818
24825
24832
24839
24847
24885
24892
24897
24908
24919
24926
24935
24942
24950
24958
24966
24974
24982
24990
24998
25006
25014
25022
25030
25038
25046
25054
25062
25070
25078
25086
25094
25102
25110
25118
25126
25134
25142
25150
25158
25166
25174
25182
25190
25198
25206
25214
25222
25230
25238
25246
25254
25262
25270
25278
25286
25294
25302
25310
25318
25326
25334
25342
25350
25358
25366
25374
25382
25390
25398
25406
25414
25422
25430
25437
25444
25451
25457
25464
25471
25479
25486
25492
25498
25509
25518
25526
25533
25540
25549
25556
25564
25571
25578
25585
25593
25601
25609
25617
25625
25632
25639
25646
25656
25664
25702
25710
25716
25720
25731
25736
25742
25750
25758
25766
25774
25782
25790
25798
25806
25814
25822
25830
25838
25846
25854
25862
25870
25878
25886
25894
25902
25910
25918
25926
25934
25942
25950
25958
25966
25974
25982
25990
25998
26006
26014
26022
26030
26038
26046
26054
26062
26070
26078
26086
26094
26102
26110
26118
26126
26134
26142
26150
26158
26166
26174
26182
26190
26198
26206
26214
26222
26230
26238
26246
26254
26262
26269
26275
26285
26288
26295
26299
26307
26314
26321
26328
26335
26343
26351
26359
26366
26373
26380
26387
26395
26403
26411
26418
26425
26434
26442
26450
26458
26466
26495
26503
26510
26517
26525
26540
26547
26557
26564
26572
26580
26588
26596
26604
26612
26620
26628
26636
26644
26652
26660
26668
26676
26684
26692
26700
26708
26716
26724
26732
26740
26748
26756
26764
26772
26780
26788
26796
26804
26812
26820
26828
26836
26844
26852
26860
26868
26876
26884
26892
26900
26908
26916
26924
26932
26940
26948
26956
26964
26972
26980
26988
26996
27004
27012
27020
27028
27036
27044
27052
27059
27066
27074
27077
27083
27088
27095
27105
27113
27121
27129
27136
27149
27157
27164
27171
27178
27184
27192
27199
27206
27213
27219
27225
27233
27241
27249
27257
27265
27273
27303
27309
27319
27327
27334
27341
27348
27354
27363
27371
27379
27387
27395
27403
27411
27419
27427
27435
27443
27451
27459
27467
27475
27483
27491
27499
27507
27515
27523
27531
27539
27547
27555
27563
27571
27579
27587
27595
27603
27611
27619
27627
27635
27643
27651
27659
27667
27675
27683
27691
27699
27707
27715
27723
27731
27739
27747
27755
27763
27771
27779
27787
27795
27803
27811
27819
27827
27835
27842
27849
27853
27860
27868
27876
27883
27890
27899
27909
27917
27926
27933
27940
27946
27953
27960
27967
27974
27981
27982
27991
27999
28007
28014
28021
28028
28034
28042
28050
28058
28066
28104
28110
28117
28126
28132
28139
28145
28152
28160
28168
28176
28184
28192
28200
28208
28216
28224
28232
28240
28248
28256
28264
28272
28280
28288
28296
28304
28312
28320
28328
28336
28344
28352
28360
28368
28376
28384
28392
28400
28408
28416
28424
28432
28440
28448
28455
28461
28469
28477
28485
28492
28500
28508
28516
28524
28532
28540
28554
28562
28570
28578
28586
28594
28602
28610
28618
28626
28634
28645
28652
28659
28665
28671
28676
28680
28687
28694
28697
28702
28711
28719
28726
28733
28743
28752
28760
28767
28774
28776
28786
28794
28802
28811
28818
28825
28829
28836
28843
28851
28859
28891
28899
28906
28916
28924
28931
28938
28944
28949
28956
28964
28972
28980
28988
28996
29004
29012
29020
29028
29036
29044
29052
29060
29068
29076
29084
29092
29100
29108
29116
29124
29132
29140
29148
29156
29164
29172
29180
29188
29196
29204
29212
29220
29228
29236
29244
29252
29260
29268
29276
29284
29292
29300
29308
29316
29324
29332
29340
29348
29356
29364
29372
29380
29388
29396
29404
29412
29420
29428
29436
29444
29452
29459
29466
29469
29474
29483
29490
29497
29506
29513
29520
29527
29533
29540
29551
29559
29565
29571
29579
29587
29595
29603
29611
29618
29625
29629
29637
29645
29653
29682
29690
29698
29706
29713
29720
29728
29735
29742
29749
29756
29763
29765
29773
29779
29787
29795
29803
29811
29819
29827
29835
29843
29851
29859
29867
29875
29883
29891
29899
29907
29915
29923
29931
29939
29947
29955
29963
29971
29979
29987
29995
30003
30011
30019
30027
30035
30043
30051
30059
30067
30075
30083
30091
30099
30107
30115
30123
30131
30139
30147
30155
30163
30171
30179
30187
30195
30203
30211
30219
30227
30235
30243
30251
30259
30266
30273
30280
30288
30291
30299
30306
30313
30321
30328
30335
30342
30348
30353
30360
30371
30379
30387
30395
30402
30409
30415
30421
30429
30437
30471
30479
30487
30495
30503
30511
30518
30525
30534
30540
30547
30554
30561
30564
30570
30578
30586
30594
30602
30610
30618
30626
30634
30642
30650
30658
30666
30674
30682
30690
30698
30706
30714
30722
30730
30738
30746
30754
30762
30770
30778
30786
30794
30802
30810
30818
30826
30834
30842
30850
30858
30866
30874
30882
30890
30898
30906
30914
30922
30930
30938
30946
30954
30962
30970
30978
30986
30994
31002
31010
31018
31026
31034
31042
31049
31056
31059
31066
31074
31082
31090
31097
31105
31113
31121
31129
31137
31145
31152
31159
31170
31180
31188
31196
31204
31211
31218
31221
31230
31238
31263
31271
31279
31287
31295
31304
31311
31318
31327
31335
31342
31349
31359
31369
31377
31385
31393
31401
31409
31417
31425
31433
31441
31449
31457
31465
31473
31481
31489
31497
31505
31513
31521
31529
31537
31545
31553
31561
31569
31577
31585
31593
31601
31609
31617
31625
31633
31641
31649
31657
31665
31673
31681
31689
31697
31705
31713
31721
31729
31737
31745
31753
31761
31769
31777
31785
31793
31801
31809
31817
31825
31832
31839
31846
31853
31860
31868
31876
31884
31891
31898
31911
31919
31927
31935
31943
31951
31958
31964
31971
31981
31989
31997
32005
32012
32019
32029
32037
32045
32053
32087
32095
32103
32110
32117
32126
32134
32142
32149
32156
32163
32171
32179
32187
32195
32203
32211
32219
32227
32235
32243
32251
32259
32267
32275
32283
32291
32299
32307
32315
32323
32331
32339
32347
32355
32363
32371
32379
32387
32395
32403
32411
32419
32427
32435
32443
32451
32459
32467
32475
32483
32491
32499
32507
32515
32523
32531
32539
32547
32555
32563
32571
32579
32587
32595
32603
32611
32618
32625
32632
32636
32643
32651
32659
32667
32675
32683
32689
32695
32708
32715
32723
32732
32739
32746
32752
32757
32767
32774
32781
32789
32799
32806
32813
32820
32827
32834
32842
32848
32856
32896
32903
32910
32917
32923
32930
32937
32945
32952
32959
32964
32970
32978
32986
32994
33002
33010
33017
33024
33032
33040
33048
33056
33064
33072
33080
33088
33096
33104
33112
33120
33128
33136
33144
33152
33160
33168
33176
33184
33192
33200
33208
33216
33224
33232
33240
33248
33256
33264
33272
33280
33288
33296
33304
33312
33320
33328
33336
33344
33352
33360
33368
33376
33384
33392
33400
33408
33415
33422
33433
33442
33450
33458
33466
33474
33481
33487
33494
33501
33508
33516
33524
33532
33541
33548
33555
33560
33566
33573
33580
33583
33589
33596
33604
33612
33620
33627
33634
33645
33653
33687
33695
33709
33717
33725
33733
33741
33749
33759
33766
33773
33783
33792
33800
33808
33816
33824
33832
33840
33848
33856
33864
33872
33880
33888
33896
33904
33912
33920
33928
33936
33944
33952
33960
33968
33976
33984
33992
34000
34008
34016
34024
34032
34040
34048
34056
34064
34072
34080
34088
34096
34104
34112
34120
34128
34136
34144
34152
34160
34168
34176
34184
34191
34198
34205
34207
34216
34224
34232
34240
34248
34256
34264
34272
34279
34286
34293
34301
34309
34317
34325
34333
34340
34347
34355
34362
34367
34374
34381
34390
34397
34405
34413
34420
34427
34431
34437
34445
34453
34461
34498
34503
34510
34520
34528
34536
34544
34552
34560
34566
34573
34580
34587
34596
34604
34612
34620
34628
34636
34644
34652
34660
34668
34676
34684
34692
34700
34708
34716
34724
34732
34740
34748
34756
34764
34772
34780
34788
34796
34804
34812
34820
34828
34836
34844
34852
34860
34868
34876
34884
34892
34900
34908
34916
34924
34932
34940
34948
34956
34964
34972
34980
34988
34995
35002
35009
35016
35024
35032
35040
35048
35056
35064
35072
35080
35088
35095
35102
35111
35118
35126
35134
35141
35148
35154
35159
35168
35175
35184
35189
35197
35205
35213
35220
35227
35231
35241
35249
35257
35265
35300
35306
35317
35325
35333
35341
35349
35357
35366
35374
35382
35390
35398
35406
35414
35422
35430
35438
35446
35454
35462
35470
35478
35486
35494
35502
35510
35518
35526
35534
35542
35550
35558
35566
35574
35582
35590
35597
35605
35613
35621
35629
35637
35645
35653
35661
35669
35677
35685
35693
35701
35709
35717
35725
35733
35741
35749
35757
35765
35773
35782
35789
35796
35800
35811
35819
35827
35835
35843
35851
35859
35867
35875
35883
35891
35899
35905
35912
35919
35932
35940
35947
35954
35960
35968
35981
35988
35995
36002
36004
36012
36019
36026
36031
36039
36047
36055
36063
36071
36079
36111
36117
36129
36137
36144
36151
36157
36169
36177
36185
36193
36201
36209
36217
36225
36233
36241
36249
36257
36265
36273
36281
36289
36297
36305
36313
36321
36329
36337
36345
36353
36361
36369
36377
36385
36393
36401
36409
36417
36425
36433
36441
36449
36457
36465
36473
36481
36489
36497
36505
36513
36521
36529
36536
36542
36549
36559
36568
36576
36584
36592
36600
36608
36616
36624
36632
36640
36648
36656
36664
36672
36680
36688
36696
36704
36712
36720
36727
36735
36741
36749
36756
36763
36766
36773
36781
36789
36796
36803
36809
36815
36820
36830
36835
36845
36853
36861
36868
36875
36882
36932
36941
36948
36954
36962
36970
36978
36986
36994
37002
37010
37018
37026
37034
37042
37050
37058
37066
37074
37082
37090
37098
37106
37114
37122
37130
37138
37146
37154
37162
37170
37178
37186
37194
37202
37210
37218
37226
37234
37242
37250
37258
37266
37274
37282
37290
37298
37306
37314
37322
37330
37337
37344
37351
37359
37367
37375
37383
37391
37399
37407
37415
37423
37431
37439
37447
37455
37463
37471
37479
37487
37495
37503
37511
37519
37527
37533
37539
37545
37554
37561
37568
37576
37584
37591
37598
37605
37610
37619
37626
37633
37641
37644
37649
37657
37664
37671
37678
37684
37690
37732
37735
37742
37749
37754
37759
37767
37775
37783
37791
37799
37807
37815
37823
37831
37839
37847
37855
37863
37871
37879
37887
37895
37903
37911
37919
37927
37935
37943
37951
37959
37967
37975
37983
37991
37999
38007
38015
38023
38031
38039
38041
38049
38057
38064
38072
38080
38088
38096
38104
38112
38120
38128
38136
38143
38150
38156
38163
38171
38179
38187
38195
38203
38211
38219
38227
38235
38243
38251
38259
38267
38275
38283
38291
38299
38307
38315
38323
38331
38338
38345
38353
38359
38364
38372
38381
38390
38397
38404
38409
38416
38423
38428
38435
38442
38448
38454
38458
38464
38475
38516
38524
38532
38540
38548
38555
38562
38570
38577
38585
38593
38601
38609
38617
38625
38633
38641
38649
38657
38665
38673
38681
38689
38697
38705
38713
38721
38729
38737
38745
38753
38761
38769
38777
38785
38793
38801
38809
38817
38825
38833
38841
38849
38857
38865
38873
38881
38889
38897
38905
38913
38921
38928
38935
38940
38945
38953
38961
38969
38977
38985
38993
39001
39009
39017
39025
39033
39041
39049
39057
39065
39073
39081
39089
39097
39105
39113
39121
39129
39136
39143
39149
39155
39162
39164
39170
39176
39182
39188
39200
39208
39216
39224
39232
39240
39248
39255
39261
39266
39271
39321
39329
39337
39345
39352
39358
39362
39372
39380
39388
39396
39404
39412
39420
39428
39436
39444
39452
39460
39468
39476
39484
39492
39500
39508
39516
39524
39532
39540
39548
39556
39564
39572
39580
39588
39596
39604
39612
39620
39628
39636
39644
39652
39660
39668
39676
39684
39692
39700
39708
39716
39724
39731
39738
39745
39752
39759
39764
39772
39780
39788
39796
39804
39812
39820
39828
39836
39844
39852
39860
39868
39876
39884
39892
39900
39908
39915
39922
39929
39938
39948
39956
39963
39970
39978
39987
39994
40004
40012
40020
40028
40036
40041
40048
40053
40059
40065
40070
40078
40087
40135
40145
40152
40159
40173
40181
40189
40197
40205
40213
40221
40229
40237
40245
40253
40261
40269
40277
40285
40293
40301
40309
40317
40325
40333
40341
40349
40357
40365
40373
40381
40389
40397
40405
40413
40421
40429
40437
40445
40453
40461
40469
40477
40485
40493
40501
40509
40516
40523
40529
40534
40541
40549
40557
40565
40573
40581
40589
40597
40605
40613
40621
40629
40637
40645
40653
40661
40669
40677
40685
40693
40701
40709
40717
40725
40732
40739
40746
40751
40758
40762
40767
40773
40774
40782
40790
40798
40806
40814
40822
40830
40837
40844
40851
40859
40866
40874
40882
40889
40895
40940
40951
40960
40967
40974
40979
40987
40995
41003
41011
41019
41027
41035
41043
41051
41059
41067
41075
41083
41091
41099
41107
41115
41123
41131
41139
41147
41155
41163
41171
41179
41187
41195
41203
41211
41219
41227
41235
41243
41251
41259
41267
41275
41283
41291
41299
41307
41314
41321
41328
41336
41343
41350
41358
41367
41375
41383
41391
41399
41407
41415
41423
41431
41439
41447
41455
41463
41471
41479
41487
41495
41503
41511
41519
41526
41533
41539
41545
41547
41554
41559
41566
41573
41580
41586
41593
41600
41603
41614
41623
41627
41634
41642
41649
41658
41666
41674
41681
41688
41695
41743
41752
41758
41765
41772
41780
41788
41796
41804
41812
41820
41828
41836
41844
41852
41860
41868
41876
41884
41892
41900
41908
41916
41924
41932
41940
41948
41956
41964
41972
41980
41988
41996
42004
42012
42020
42028
42036
42044
42052
42060
42068
42076
42084
42091
42098
42105
42112
42116
42124
42132
42140
42148
42156
42164
42172
42180
42188
42196
42204
42212
42220
42228
42236
42244
42252
42260
42268
42276
42284
42292
42300
42308
42316
42324
42332
42339
42346
42352
42359
42364
42369
42374
42380
42386
42394
42401
42411
42416
42422
42429
42436
42443
42450
42462
42470
42477
42484
42491
42498
42544
42551
42556
42562
42570
42578
42586
42594
42602
42610
42618
42626
42634
42642
42650
42658
42666
42674
42682
42690
42698
42706
42714
42722
42730
42738
42746
42754
42762
42770
42778
42786
42794
42802
42810
42818
42826
42834
42842
42850
42858
42867
42874
42881
42891
42898
42906
42914
42922
42930
42938
42946
42954
42962
42970
42978
42986
42994
43002
43010
43018
43026
43034
43042
43050
43058
43066
43074
43082
43090
43098
43106
43114
43122
43130
43138
43146
43154
43160
43163
43169
43175
43182
43186
43188
43191
43198
43205
43211
43221
43224
43230
43237
43244
43253
43261
43268
43275
43282
43291
43342
43349
43356
43363
43372
43380
43388
43396
43404
43412
43420
43428
43436
43444
43452
43460
43468
43476
43484
43492
43500
43508
43516
43524
43532
43540
43548
43556
43564
43572
43580
43588
43596
43604
43612
43620
43628
43636
43644
43652
43659
43666
43667
43676
43684
43692
43700
43708
43716
43724
43732
43740
43748
43756
43764
43772
43780
43788
43796
43804
43812
43820
43828
43836
43844
43852
43860
43868
43876
43884
43892
43900
43908
43916
43924
43932
43940
43948
43955
43962
43970
43975
43980
43986
43992
43997
44004
44010
44019
44026
44036
44042
44048
44054
44061
44067
44074
44080
44088
44096
44137
44144
44151
44158
44166
44173
44181
44189
44197
44205
44213
44221
44229
44237
44245
44253
44261
44269
44277
44285
44293
44301
44309
44317
44325
44333
44341
44349
44357
44365
44373
44381
44389
44397
44405
44413
44421
44429
44436
44443
44450
44460
44470
44478
44486
44494
44502
44510
44518
44526
44534
44542
44550
44558
44566
44574
44582
44590
44598
44606
44614
44622
44630
44638
44646
44654
44662
44670
44678
44686
44694
44702
44710
44718
44726
44734
44742
44750
44757
44764
44771
44777
44782
44787
44795
44801
44807
44813
44816
44820
44823
44829
44833
44838
44847
44854
44861
44867
44873
44878
44932
44938
44945
44952
44961
44970
44978
44986
44994
45002
45010
45018
45026
45034
45042
45050
45058
45066
45074
45082
45090
45098
45106
45114
45122
45130
45138
45146
45154
45162
45170
45178
45186
45194
45202
45210
45217
45224
45231
45238
45244
45252
45260
45268
45276
45284
45292
45300
45308
45316
45324
45332
45340
45348
45356
45364
45372
45380
45388
45395
45401
45408
45415
45423
45431
45439
45447
45455
45463
45471
45479
45487
45495
45503
45511
45519
45527
45534
45541
45548
45553
45560
45568
45576
45583
45590
45597
45600
45608
45615
45622
45630
45636
45642
45653
45660
45666
45672
45677
45685
45739
45747
45755
45762
45769
45776
45780
45787
45794
45802
45810
45818
45826
45834
45842
45850
45858
45866
45874
45882
45890
45898
45906
45914
45922
45930
45938
45946
45954
45962
45970
45978
45986
45994
46002
46009
46016
46023
46034
46039
46047
46055
46063
46071
46079
46087
46095
46103
46111
46119
46127
46135
46143
46151
46159
46167
46175
46183
46191
46199
46207
46215
46223
46231
46239
46247
46255
46263
46271
46279
46287
46295
46303
46308
46315
46322
46329
46335
46340
46348
46356
46364
46372
46380
46387
46394
46401
46406
46410
46418
46427
46435
46442
46449
46456
46462
46471
46484
46491
46498
46546
46554
46561
46568
46575
46589
46597
46605
46613
46621
46629
46637
46645
46653
46661
46669
46677
46685
46693
46701
46709
46717
46725
46733
46741
46749
46757
46765
46773
46781
46789
46797
46806
46813
46820
46827
46833
46842
46850
46858
46866
46874
46882
46890
46898
46906
46914
46922
46930
46938
46946
46954
46962
46970
46978
46986
46992
47000
47008
47016
47024
47032
47040
47048
47056
47064
47072
47080
47088
47096
47106
47113
47120
47127
47135
47140
47148
47156
47164
47172
47180
47186
47194
47200
47206
47209
47212
47222
47228
47235
47243
47250
47257
47264
47270
47275
47281
47288
47295
47302
47346
47354
47361
47368
47375
47382
47388
47394
47402
47410
47418
47426
47434
47442
47450
47458
47466
47474
47482
47490
47498
47506
47514
47522
47530
47538
47546
47554
47562
47570
47578
47586
47594
47601
47608
47615
47622
47628
47636
47644
47652
47660
47668
47676
47684
47692
47700
47708
47716
47724
47732
47740
47748
47756
47764
47772
47780
47788
47796
47804
47812
47820
47828
47836
47844
47852
47860
47868
47876
47884
47892
47901
47908
47915
47931
47939
47947
47955
47963
47970
47977
47984
47993
47997
48003
48010
48017
48024
48027
48032
48041
48049
48057
48064
48071
48078
48082
48088
48096
48103
48154
48162
48169
48177
48185
48193
48201
48209
48217
48225
48233
48241
48249
48257
48265
48273
48281
48289
48297
48305
48313
48321
48329
48337
48345
48353
48361
48369
48377
48385
48393
48401
48409
48416
48423
48430
48439
48445
48453
48461
48469
48477
48485
48493
48501
48509
48517
48525
48533
48541
48549
48557
48565
48573
48581
48589
48597
48605
48613
48621
48629
48637
48645
48653
48661
48669
48677
48685
48693
48701
48707
48714
48721
48728
48731
48740
48750
48757
48764
48776
48784
48792
48799
48806
48812
48823
48831
48839
48847
48855
48864
48871
48878
48887
48895
48902
48909
48916
48923
48930
48990
48998
49006
49014
49022
49030
49038
49046
49054
49062
49070
49078
49086
49094
49102
49110
49118
49126
49134
49142
49150
49158
49166
49174
49182
49190
49198
49206
49216
49223
49230
49242
49248
49255
49262
49274
49282
49291
49299
49307
49315
49323
49331
49339
49347
49355
49363
49371
49379
49387
49395
49403
49411
49419
49427
49435
49443
49451
49459
49467
49475
49483
49491
49498
49505
49513
49525
49532
49539
49546
49556
49562
49567
49573
49579
49586
49593
49602
49609
49617
49625
49633
49641
49649
49655
49662
49669
49676
49678
49685
49688
49693
49700
49707
49714
49721
49728
49737
49745
49753
49809
49817
49825
49833
49841
49849
49857
49865
49873
49881
49889
49897
49905
49913
49921
49929
49937
49945
49953
49961
49969
49977
49985
49993
50001
50009
50017
50025
50033
50038
50045
50052
50053
50059
50066
50074
50082
50090
50098
50106
50114
50122
50130
50138
50146
50154
50162
50170
50178
50186
50194
50202
50210
50218
50226
50234
50242
50250
50258
50266
50274
50282
50289
50296
50303
50308
50315
50323
50331
50338
50345
50354
50363
50371
50378
50385
50392
50401
50405
50413
50421
50429
50437
50445
50453
50460
50467
50474
50480
50492
50499
50506
50514
50523
50531
50539
50547
50555
50562
50569
50613
50621
50629
50637
50645
50653
50661
50669
50677
50685
50693
50701
50709
50717
50725
50733
50741
50749
50757
50765
50773
50781
50789
50797
50805
50813
50821
50828
50835
50842
50852
50863
50871
50879
50887
50895
50903
50911
50919
50927
50935
50943
50951
50959
50967
50975
50983
50991
50999
51007
51015
51023
51031
51039
51047
51055
51063
51072
51079
51086
51093
51101
51109
51117
51124
51131
51138
51144
51148
51157
51165
51172
51179
51186
51192
51200
51208
51216
51224
51232
51240
51248
51256
51263
51270
51277
51283
51293
51299
51306
51312
51319
51326
51334
51342
51350
51358
51366
51374
51382
51438
51446
51454
51462
51470
51478
51486
51494
51502
51510
51518
51526
51534
51542
51548
51556
51564
51572
51580
51588
51595
51603
51611
51619
51626
51634
51641
51651
51659
51667
51675
51683
51691
51699
51707
51715
51723
51731
51739
51747
51755
51763
51771
51779
51787
51795
51803
51811
51819
51827
51835
51843
51851
51858
51865
51872
51881
51885
51892
51900
51908
51915
51922
51929
51937
51945
51953
51960
51967
51972
51979
51987
51995
52003
52011
52019
52027
52035
52043
52051
52059
52066
52073
52080
52084
52089
52094
52102
52110
52118
52126
52134
52142
52150
52158
52166
52174
52182
52192
52200
52256
52263
52271
52279
52287
52295
52303
52311
52319
52327
52335
52343
52351
52359
52367
52375
52383
52391
52399
52407
52414
52421
52428
52435
52441
52449
52457
52465
52473
52481
52489
52497
52505
52513
52520
52528
52536
52544
52552
52560
52568
52576
52584
52592
52600
52608
52616
52624
52632
52640
52648
52656
52666
52673
52680
52689
52696
52703
52710
52717
52720
52731
52739
52746
52753
52760
52763
52768
52776
52784
52792
52800
52808
52816
52824
52832
52840
52848
52856
52864
52871
52878
52885
52891
52897
52900
52906
52911
52918
52926
52933
52941
52949
52957
52965
52972
52979
52986
52993
53000
53050
53058
53066
53074
53082
53090
53098
53106
53114
53122
53130
53138
53146
53154
53162
53170
53178
53186
53194
53201
53208
53215
53219
53226
53233
53241
53249
53257
53265
53273
53281
53289
53297
53305
53313
53321
53329
53337
53345
53353
53361
53369
53377
53385
53393
53401
53409
53417
53425
53433
53441
53449
53456
53463
53470
53480
53484
53492
53500
53508
53516
53524
53530
53537
53543
53549
53555
53558
53562
53569
53575
53582
53590
53598
53606
53614
53622
53630
53638
53646
53654
53661
53668
53675
53681
53688
53695
53703
53710
53716
53726
53733
53741
53749
53757
53765
53773
53781
53789
53797
53833
53839
53847
53855
53863
53871
53879
53887
53895
53903
53911
53919
53927
53935
53943
53951
53959
53967
53975
53983
53991
54001
54008
54015
54022
54029
54037
54045
54053
54061
54069
54077
54085
54093
54101
54109
54117
54125
54133
54141
54149
54157
54165
54173
54181
54189
54197
54205
54213
54221
54229
54237
54244
54251
54258
54261
54269
54277
54285
54293
54301
54309
54317
54325
54334
54340
54347
54353
54358
54363
54369
54376
54383
54387
54395
54403
54411
54419
54427
54435
54442
54449
54456
54463
54469
54479
54487
54495
54506
54513
54520
54522
54531
54539
54547
54555
54563
54571
54579
54587
54632
54642
54649
54656
54662
54670
54678
54686
54694
54702
54710
54718
54726
54734
54742
54750
54758
54766
54774
54781
54788
54795
54802
54806
54816
54824
54832
54840
54848
54856
54864
54872
54880
54888
54896
54904
54912
54920
54928
54936
54944
54952
54960
54968
54976
54984
54992
55000
55008
55016
55024
55035
55042
55049
55059
55068
55076
55084
55092
55100
55108
55116
55124
55132
55140
55148
55155
55162
55169
55175
55187
55193
55201
55209
55217
55225
55233
55241
55248
55255
55262
55271
55280
55286
55293
55300
55307
55314
55319
55328
55336
55344
55352
55360
55368
55376
55384
55392
55400
55408
55454
55462
55470
55478
55486
55494
55502
55510
55518
55526
55534
55542
55550
55558
55566
55574
55582
55588
55595
55602
55606
55613
55620
55628
55636
55644
55652
55660
55668
55676
55684
55692
55700
55708
55716
55724
55732
55740
55748
55756
55764
55772
55780
55788
55796
55804
55812
55820
55827
55834
55840
55846
55851
55859
55867
55875
55883
55891
55899
55907
55915
55923
55931
55939
55947
55954
55961
55968
55973
55981
55987
55997
56004
56008
56014
56022
56030
56038
56046
56053
56061
56068
56075
56083
56090
56097
56104
56111
56116
56127
56135
56143
56151
56159
56167
56175
56183
56191
56198
56205
56250
56258
56266
56274
56282
56290
56298
56306
56314
56322
56330
56338
56346
56354
56362
56370
56378
56385
56392
56399
56405
56412
56419
56427
56435
56443
56451
56459
56467
56475
56483
56491
56499
56507
56515
56523
56531
56539
56547
56555
56563
56571
56579
56587
56595
56603
56610
56617
56624
56631
56635
56641
56649
56657
56665
56673
56681
56689
56697
56705
56713
56721
56729
56737
56745
56753
56761
56768
56775
56781
56787
56792
56795
56801
56808
56819
56826
56834
56842
56848
56855
56862
56869
56872
56886
56892
56899
56906
56913
56920
56929
56937
56945
56953
56961
56969
56977
56985
56993
57001
57039
57046
57055
57063
57071
57079
57087
57095
57103
57111
57119
57127
57135
57143
57151
57159
57167
57175
57181
57188
57195
57207
57215
57223
57231
57239
57247
57255
57263
57271
57279
57287
57295
57303
57311
57319
57327
57335
57343
57351
57359
57367
57375
57383
57391
57399
57407
57414
57421
57428
57433
57445
57453
57461
57469
57477
57485
57493
57501
57509
57517
57525
57533
57541
57549
57556
57563
57570
57579
57586
57594
57602
57609
57616
57626
57631
57639
57646
57653
57661
57664
57670
57678
57685
57692
57699
57702
57710
57718
57726
57734
57742
57750
57758
57766
57774
57782
57790
57798
57806
57851
57862
57870
57878
57886
57894
57902
57910
57918
57926
57934
57942
57950
57958
57966
57974
57981
57991
57998
58004
58011
58019
58027
58035
58043
58051
58059
58067
58075
58083
58091
58099
58107
58115
58123
58131
58139
58147
58155
58163
58171
58179
58186
58193
58200
58207
58214
58221
58229
58237
58245
58253
58261
58269
58277
58285
58293
58301
58309
58317
58325
58333
58341
58349
58357
58365
58374
58380
58387
58391
58395
58402
58405
58415
58422
58433
58441
58448
58455
58462
58465
58475
58482
58486
58493
58500
58509
58516
58524
58532
58540
58548
58556
58564
58572
58580
58588
58596
58604
58612
58653
58657
58664
58668
58677
58685
58693
58701
58709
58717
58725
58733
58741
58749
58757
58764
58770
58777
58784
58790
58797
58804
58811
58819
58827
58835
58843
58851
58859
58867
58875
58883
58891
58899
58907
58915
58923
58931
58939
58947
58955
58963
58971
58978
58985
58992
58998
59005
59012
59020
59028
59036
59044
59052
59060
59068
59076
59084
59092
59100
59108
59116
59124
59132
59140
59148
59156
59164
59172
59179
59186
59194
59201
59207
59212
59215
59223
59232
59238
59243
59250
59257
59270
59273
59280
59287
59294
59305
59314
59322
59330
59338
59346
59354
59362
59370
59378
59386
59394
59402
59443
59448
59458
59465
59472
59474
59480
59488
59496
59504
59512
59520
59528
59536
59544
59552
59560
59567
59574
59580
59587
59592
59600
59608
59616
59624
59632
59640
59648
59656
59664
59672
59680
59688
59696
59704
59712
59720
59728
59736
59744
59752
59760
59767
59773
59780
59787
59792
59796
59803
59811
59819
59827
59835
59843
59851
59859
59867
59875
59883
59891
59899
59907
59915
59923
59931
59939
59947
59955
59963
59971
59979
59986
59993
60000
60011
60018
60027
60032
60039
60047
60055
60063
60070
60077
60083
60090
60098
60105
60108
60116
60124
60132
60140
60148
60156
60164
60172
60180
60188
60229
60237
60245
60255
60262
60269
60280
60290
60298
60306
60314
60322
60330
60338
60346
60353
60360
60367
60374
60383
60391
60399
60407
60415
60423
60431
60439
60447
60455
60463
60471
60479
60487
60495
60503
60511
60519
60527
60535
60543
60551
60558
60565
60573
60580
60588
60596
60604
60612
60620
60628
60636
60644
60652
60660
60668
60676
60684
60692
60700
60708
60716
60724
60732
60740
60748
60756
60764
60772
60779
60786
60792
60797
60805
60811
60817
60829
60837
60845
60853
60861
60868
60875
60882
60888
60894
60901
60910
60918
60921
60926
60934
60942
60950
60958
60966
60974
60982
60990
60998
61040
61048
61055
61062
61077
61085
61093
61101
61109
61117
61125
61133
61141
61149
61156
61163
61170
61173
61181
61189
61197
61205
61213
61221
61229
61237
61245
61253
61260
61268
61276
61284
61292
61300
61308
61315
61322
61329
61337
61343
61351
61359
61367
61375
61383
61391
61399
61407
61415
61423
61431
61439
61447
61455
61463
61471
61479
61487
61495
61503
61511
61519
61527
61535
61543
61551
61559
61567
61575
61583
61591
61598
61605
61611
61617
61622
61626
61633
61640
61648
61656
61664
61672
61680
61688
61695
61703
61709
61714
61724
61731
61741
61749
61757
61765
61773
61781
61789
61797
61805
61851
61854
61860
61865
61873
61881
61889
61897
61905
61913
61921
61929
61935
61942
61949
61961
61971
61979
61987
61995
62003
62011
62019
62027
62035
62043
62051
62059
62067
62075
62083
62091
62099
62106
62113
62120
62125
62132
62140
62148
62156
62164
62172
62180
62188
62196
62204
62212
62220
62228
62236
62244
62252
62260
62268
62276
62284
62292
62300
62308
62316
62324
62332
62340
62348
62356
62364
62372
62380
62388
62395
62402
62408
62414
62420
62423
62429
62434
62440
62447
62453
62461
62469
62477
62485
62493
62500
62506
62511
62517
62523
62530
62540
62547
62555
62563
62571
62579
62587
62595
62642
62648
62657
62664
62672
62680
62688
62696
62704
62712
62720
62728
62736
62743
62747
62754
62761
62768
62778
62785
62793
62801
62809
62817
62825
62833
62841
62849
62857
62865
62873
62882
62889
62896
62903
62908
62915
62924
62932
62940
62948
62956
62964
62972
62980
62988
62996
63004
63012
63020
63028
63036
63044
63052
63060
63068
63076
63084
63092
63100
63108
63116
63124
63132
63140
63148
63156
63164
63172
63180
63188
63197
63205
63211
63215
63220
63226
63235
63241
63248
63256
63264
63285
63290
63294
63302
63308
63314
63320
63324
63330
63337
63348
63355
63363
63371
63379
63387
63395
63403
63448
63455
63459
63466
63473
63481
63489
63497
63505
63525
63533
63541
63549
63557
63565
63573
63581
63588
63595
63602
63611
63619
63627
63634
63641
63648
63655
63663
63671
63679
63687
63695
63703
63711
63719
63727
63735
63743
63751
63759
63767
63775
63783
63791
63799
63807
63815
63823
63831
63839
63847
63855
63863
63869
63877
63885
63893
63901
63909
63917
63925
63933
63941
63949
63957
63965
63973
63980
63987
63994
64000
64007
64013
64021
64028
64035
64042
64046
64057
64065
64073
64081
64089
64097
64104
64111
64118
64126
64136
64143
64150
64157
64163
64167
64174
64182
64190
64198
64206
64214
64269
64280
64287
64295
64303
64311
64319
64327
64335
64343
64351
64359
64365
64372
64379
64386
64390
64396
64404
64411
64418
64425
64432
64439
64445
64452
64460
64468
64476
64484
64492
64500
64508
64516
64524
64532
64540
64548
64556
64564
64572
64580
64588
64596
64604
64612
64620
64628
64636
64644
64652
64660
64668
64676
64684
64692
64700
64708
64716
64724
64732
64740
64748
64756
64764
64775
64780
64787
64794
64796
64803
64811
64821
64828
64835
64841
64847
64854
64862
64870
64878
64887
64894
64901
64910
64918
64926
64936
64943
64950
64954
64961
64968
64976
64984
64992
65000
65008
65016
65024
65063
65070
65077
65089
65097
65105
65113
65121
65129
65137
65145
65153
65161
65169
65176
65183
65190
65197
65208
65216
65224
65231
65238
65245
65247
65256
65264
65272
65280
65288
65296
65304
65312
65320
65328
65336
65344
65352
65360
65368
65376
65384
65392
65400
65408
65416
65424
65432
65440
65448
65456
65464
65472
65480
65488
65496
65504
65512
65520
65528
65536
65544
65552
65560
65570
65577
65585
65593
65601
65609
65617
65625
65633
65640
65647
65654
65663
65671
65676
65683
65690
65697
65705
65712
65720
65728
65735
65742
65752
65759
65767
65775
65783
65791
65799
65807
65815
65823
65831
65839
65885
65893
65901
65909
65917
65925
65933
65941
65949
65957
65965
65973
65981
65989
65998
66005
66011
66018
66024
66030
66036
66046
66055
66063
66071
66079
66087
66095
66103
66111
66119
66127
66135
66143
66151
66159
66167
66175
66183
66191
66199
66207
66215
66223
66231
66239
66247
66255
66263
66271
66279
66287
66295
66303
66311
66319
66327
66335
66343
66354
66361
66368
66372
66378
66386
66394
66402
66410
66418
66426
66434
66442
66449
66455
66461
66467
66476
66478
66485
66492
66497
66502
66509
66516
66523
66530
66537
66543
66551
66559
66567
66575
66583
66591
66599
66607
66615
66623
66631
66639
66682
66690
66698
66706
66714
66722
66730
66738
66746
66754
66762
66770
66778
66786
66794
66802
66810
66816
66821
66828
66834
66840
66845
66853
66860
66867
66874
66882
66890
66898
66906
66914
66922
66930
66938
66946
66954
66962
66970
66978
66986
66994
67002
67010
67018
67026
67034
67042
67050
67058
67066
67074
67082
67090
67098
67106
67114
67122
67131
67138
67145
67154
67162
67170
67178
67186
67194
67202
67210
67218
67226
67234
67242
67249
67256
67263
67270
67281
67284
67289
67293
67301
67309
67316
67320
67324
67334
67342
67350
67358
67366
67374
67382
67390
67398
67406
67414
67422
67430
67438
67496
67504
67512
67520
67528
67536
67544
67552
67560
67568
67576
67584
67592
67600
67608
67616
67622
67629
67636
67643
67651
67654
67662
67669
67678
67684
67692
67700
67708
67716
67724
67732
67740
67748
67756
67764
67772
67780
67788
67796
67804
67812
67820
67828
67836
67844
67852
67860
67868
67876
67884
67892
67900
67908
67916
67924
67930
67937
67943
67951
67962
67970
67978
67986
67994
68002
68010
68018
68026
68034
68041
68048
68055
68065
68076
68079
68083
68088
68094
68100
68106
68108
68113
68119
68126
68134
68142
68150
68158
68166
68174
68182
68190
68198
68206
68214
68222
68230
68238
68246
68296
68309
68317
68325
68333
68341
68349
68357
68365
68373
68381
68389
68397
68405
68413
68420
68427
68432
68438
68444
68452
68460
68467
68475
68482
68490
68498
68506
68514
68522
68530
68538
68546
68554
68562
68570
68578
68586
68594
68602
68610
68618
68626
68634
68642
68650
68658
68666
68674
68682
68690
68697
68704
68711
68718
68724
68731
68739
68747
68755
68763
68771
68779
68787
68795
68803
68811
68818
68825
68832
68841
68848
68856
68864
68872
68879
68885
68891
68897
68903
68909
68921
68929
68937
68945
68953
68961
68969
68977
68985
68993
69001
69009
69017
69025
69033
69041
69049
69057
69064
69121
69129
69137
69145
69153
69161
69169
69177
69185
69193
69201
69209
69217
69224
69230
69237
69243
69254
69259
69265
69272
69281
69287
69295
69303
69311
69319
69327
69335
69343
69351
69359
69367
69375
69383
69391
69399
69407
69415
69423
69431
69439
69447
69455
69463
69471
69479
69489
69496
69503
69505
69512
69520
69528
69536
69544
69552
69560
69568
69576
69584
69592
69599
69606
69613
69620
69624
69633
69640
69648
69656
69664
69672
69680
69686
69693
69700
69706
69715
69722
69728
69734
69741
69747
69755
69763
69771
69779
69787
69795
69803
69811
69819
69827
69835
69843
69852
69859
69866
69873
69917
69925
69932
69940
69948
69956
69964
69972
69980
69988
69996
70004
70012
70020
70030
70037
70043
70049
70057
70064
70071
70077
70085
70093
70101
70109
70117
70125
70133
70142
70149
70156
70164
70172
70180
70188
70196
70204
70212
70220
70228
70236
70244
70252
70260
70268
70276
70284
70292
70299
70306
70313
70323
70331
70339
70347
70355
70363
70371
70379
70387
70395
70402
70409
70411
70417
70424
70432
70440
70448
70456
70464
70472
70480
70488
70496
70502
70508
70514
70522
70529
70536
70542
70547
70555
70563
70571
70579
70587
70595
70603
70611
70619
70627
70635
70644
70651
70658
70665
70671
