2
10
18
26
34
42
50
58
66
74
82
90
98
106
114
122
130
138
146
154
162
170
178
186
194
202
210
218
226
234
242
250
258
266
274
282
290
298
306
314
322
330
338
346
354
362
370
378
386
394
402
410
418
426
434
442
450
458
466
474
482
490
498
506
514
522
530
538
546
554
562
570
578
586
594
602
610
618
626
634
642
650
658
666
674
682
690
698
706
714
722
730
738
746
754
762
770
778
786
794
810
816
821
828
836
844
852
860
868
876
884
892
900
908
916
924
932
940
948
956
964
972
980
988
996
1004
1012
1020
1028
1036
1044
1052
1060
1068
1076
1084
1092
1100
1108
1116
1124
1132
1140
1148
1156
1164
1172
1180
1188
1196
1204
1212
1220
1228
1236
1244
1252
1260
1268
1276
1284
1292
1300
1308
1316
1324
1332
1340
1348
1356
1364
1372
1380
1388
1396
1404
1412
1420
1428
1436
1444
1452
1460
1468
1476
1484
1492
1500
1508
1516
1524
1532
1540
1548
1556
1564
1572
1580
1587
1592
1608
1613
1618
1620
1624
1626
1630
1639
1647
1655
1663
1671
1679
1687
1695
1703
1711
1719
1727
1735
1743
1751
1759
1767
1775
1783
1791
1799
1807
1815
1823
1831
1839
1847
1855
1863
1871
1879
1887
1895
1903
1911
1919
1927
1935
1943
1951
1959
1967
1975
1983
1991
1999
2007
2015
2023
2031
2039
2047
2055
2063
2071
2079
2087
2095
2103
2111
2119
2127
2135
2143
2151
2159
2167
2175
2183
2191
2199
2207
2215
2223
2231
2239
2247
2255
2263
2271
2279
2287
2295
2303
2311
2319
2327
2335
2343
2351
2359
2367
2373
2405
2410
2413
2417
2420
2425
2430
2435
2438
2448
2453
2462
2466
2474
2482
2490
2498
2506
2514
2522
2530
2538
2546
2554
2562
2570
2578
2586
2594
2602
2610
2618
2626
2634
2642
2650
2658
2666
2674
2682
2690
2698
2706
2714
2722
2730
2738
2746
2754
2762
2770
2778
2786
2794
2802
2810
2818
2826
2834
2842
2850
2858
2866
2874
2882
2890
2898
2906
2914
2922
2930
2938
2946
2954
2962
2970
2978
2986
2994
3002
3010
3018
3026
3034
3042
3050
3058
3066
3074
3082
3090
3098
3106
3114
3122
3130
3138
3146
3153
3156
3200
3205
3211
3218
3224
3229
3231
3236
3242
3257
3262
3269
3277
3285
3293
3301
3309
3317
3325
3333
3341
3349
3357
3365
3373
3381
3389
3397
3405
3413
3421
3429
3437
3445
3453
3461
3469
3477
3485
3493
3501
3509
3517
3525
3533
3541
3549
3557
3565
3573
3581
3589
3597
3605
3613
3621
3629
3637
3645
3653
3661
3669
3677
3685
3693
3701
3709
3717
3725
3733
3741
3749
3757
3765
3773
3780
3788
3797
3805
3813
3821
3829
3837
3845
3853
3861
3869
3877
3885
3893
3901
3909
3917
3925
3932
3939
3945
3953
3961
3968
4000
4006
4012
4018
4025
4032
4039
4043
4046
4054
4058
4067
4077
4081
4089
4097
4105
4113
4121
4129
4137
4145
4153
4161
4169
4177
4185
4193
4201
4209
4217
4225
4233
4241
4249
4257
4265
4273
4281
4289
4297
4305
4313
4321
4329
4337
4345
4353
4361
4369
4377
4385
4393
4401
4409
4417
4425
4433
4441
4449
4457
4465
4473
4481
4489
4497
4505
4513
4521
4529
4537
4545
4553
4561
4569
4577
4585
4593
4601
4609
4617
4625
4633
4641
4649
4657
4665
4673
4681
4689
4697
4705
4711
4718
4723
4730
4738
4746
4754
4762
4788
4792
4798
4805
4810
4817
4822
4828
4831
4836
4839
4843
4848
4852
4858
4868
4875
4885
4893
4901
4909
4917
4925
4933
4941
4949
4957
4965
4973
4981
4989
4997
5005
5013
5021
5029
5037
5045
5053
5061
5069
5077
5085
5093
5101
5109
5117
5125
5133
5141
5149
5157
5165
5173
5181
5189
5197
5205
5213
5221
5229
5237
5245
5253
5261
5269
5277
5285
5293
5301
5309
5317
5325
5333
5341
5349
5357
5365
5373
5381
5389
5397
5405
5413
5421
5429
5437
5445
5450
5458
5466
5474
5482
5489
5497
5505
5513
5521
5529
5537
5561
5569
5576
5582
5592
5597
5602
5610
5617
5624
5630
5640
5642
5648
5650
5655
5662
5670
5678
5685
5691
5699
5707
5715
5723
5731
5739
5747
5755
5763
5771
5779
5787
5795
5803
5811
5819
5827
5835
5843
5851
5859
5867
5875
5883
5891
5899
5907
5915
5923
5931
5939
5947
5955
5963
5971
5979
5987
5995
6003
6011
6019
6027
6035
6043
6051
6059
6067
6075
6083
6091
6099
6107
6115
6123
6131
6139
6147
6155
6163
6171
6179
6187
6195
6203
6211
6219
6227
6235
6243
6251
6259
6267
6275
6283
6291
6299
6306
6313
6316
6356
6363
6370
6376
6382
6389
6396
6404
6412
6420
6427
6429
6436
6442
6449
6454
6460
6468
6473
6480
6487
6499
6507
6515
6523
6531
6539
6547
6555
6563
6571
6579
6587
6595
6603
6611
6619
6627
6635
6643
6651
6659
6667
6675
6683
6691
6699
6707
6715
6723
6731
6739
6747
6755
6763
6771
6779
6787
6795
6803
6811
6819
6827
6835
6843
6851
6859
6867
6875
6883
6891
6899
6907
6915
6922
6930
6938
6946
6954
6962
6970
6978
6986
6994
7002
7010
7018
7026
7034
7042
7050
7058
7066
7074
7081
7085
7091
7099
7107
7115
7138
7145
7152
7159
7164
7169
7177
7186
7193
7201
7206
7213
7220
7227
7236
7248
7255
7265
7269
7274
7280
7286
7292
7298
7303
7312
7320
7328
7336
7344
7352
7360
7368
7376
7384
7392
7400
7408
7416
7424
7432
7440
7448
7456
7464
7472
7480
7488
7496
7504
7512
7520
7528
7536
7544
7552
7560
7568
7576
7584
7592
7600
7608
7616
7624
7632
7640
7648
7656
7664
7672
7680
7688
7696
7704
7712
7720
7728
7736
7744
7752
7760
7768
7776
7784
7792
7800
7808
7816
7824
7832
7840
7848
7856
7864
7872
7881
7884
7894
7902
7928
7936
7944
7952
7960
7967
7972
7978
7984
7991
7993
8000
8008
8014
8021
8031
8041
8049
8056
8061
8070
8078
8087
8095
8100
8108
8113
8121
8129
8137
8145
8153
8161
8169
8177
8185
8193
8201
8209
8217
8225
8233
8241
8249
8257
8265
8273
8281
8289
8297
8305
8313
8321
8329
8337
8345
8353
8361
8369
8377
8385
8393
8401
8409
8417
8425
8433
8441
8449
8457
8465
8473
8481
8489
8497
8505
8513
8521
8529
8537
8545
8553
8561
8569
8577
8585
8593
8601
8609
8617
8625
8633
8641
8649
8657
8665
8673
8680
8687
8690
8730
8738
8746
8754
8761
8767
8773
8779
8788
8796
8806
8813
8820
8825
8833
8840
8847
8856
8864
8872
8879
8895
8902
8909
8916
8925
8933
8941
8949
8957
8965
8973
8981
8989
8997
9005
9012
9014
9022
9030
9038
9046
9054
9062
9070
9078
9086
9094
9102
9110
9118
9126
9134
9142
9150
9158
9166
9174
9182
9190
9198
9206
9214
9222
9230
9238
9246
9254
9262
9270
9278
9286
9294
9302
9310
9318
9326
9334
9342
9350
9358
9366
9374
9382
9390
9398
9406
9414
9422
9430
9438
9446
9454
9462
9470
9477
9484
9488
9495
9504
9528
9536
9544
9552
9560
9566
9572
9578
9584
9590
9597
9605
9612
9619
9627
9634
9642
9649
9658
9664
9670
9677
9686
9694
9701
9708
9710
9719
9727
9735
9743
9751
9759
9767
9775
9783
9791
9799
9807
9815
9823
9831
9839
9847
9855
9863
9871
9879
9887
9895
9903
9911
9919
9927
9935
9943
9951
9959
9967
9975
9983
9991
9999
10007
10015
10023
10031
10039
10047
10055
10063
10071
10079
10087
10095
10103
10111
10119
10127
10135
10143
10151
10159
10167
10175
10183
10191
10199
10207
10215
10223
10231
10239
10247
10255
10263
10271
10278
10285
10290
10328
10336
10344
10352
10360
10368
10376
10382
10388
10395
10403
10412
10418
10424
10430
10436
10449
10457
10464
10471
10480
10489
10497
10504
10510
10517
10525
10533
10541
10549
10557
10565
10573
10581
10589
10597
10605
10613
10621
10629
10637
10645
10653
10661
10669
10677
10685
10693
10701
10709
10717
10725
10733
10741
10749
10757
10765
10773
10781
10789
10797
10805
10813
10821
10829
10837
10845
10853
10861
10869
10877
10885
10893
10901
10909
10917
10925
10933
10941
10949
10957
10965
10973
10981
10989
10997
11005
11013
11021
11029
11037
11045
11053
11061
11068
11075
11083
11091
11099
11107
11134
11142
11150
11158
11165
11172
11175
11181
11185
11192
11199
11209
11218
11226
11233
11239
11249
11255
11265
11272
11277
11284
11291
11297
11304
11313
11321
11329
11337
11345
11353
11361
11369
11377
11385
11393
11401
11409
11417
11425
11433
11441
11449
11457
11465
11473
11481
11489
11497
11505
11513
11521
11529
11537
11545
11553
11561
11569
11577
11585
11593
11601
11609
11617
11625
11633
11641
11649
11657
11665
11673
11681
11689
11697
11705
11713
11721
11729
11737
11745
11753
11761
11769
11777
11785
11793
11801
11809
11817
11825
11833
11841
11848
11854
11860
11871
11879
11887
11895
11903
11929
11937
11945
11953
11960
11969
11978
11986
11994
12001
12011
12016
12024
12030
12037
12044
12052
12060
12063
12071
12078
12084
12092
12099
12106
12114
12122
12130
12138
12146
12154
12162
12170
12178
12186
12194
12202
12210
12218
12226
12234
12242
12250
12258
12266
12274
12282
12290
12298
12306
12314
12322
12330
12338
12346
12354
12362
12370
12378
12386
12394
12402
12410
12418
12426
12434
12442
12450
12458
12466
12474
12482
12490
12498
12506
12514
12522
12530
12538
12546
12554
12562
12570
12578
12586
12594
12602
12610
12618
12626
12634
12642
12649
12656
12662
12669
12676
12684
12692
12700
12725
12733
12741
12749
12757
12764
12771
12773
12783
12791
12799
12806
12813
12820
12826
12835
12841
12849
12857
12864
12871
12876
12880
12883
12894
12906
12914
12922
12930
12938
12946
12954
12962
12970
12978
12986
12994
13002
13010
13018
13026
13034
13042
13050
13058
13066
13074
13082
13090
13098
13106
13114
13122
13130
13138
13146
13154
13162
13170
13178
13186
13194
13202
13210
13218
13226
13234
13242
13250
13258
13266
13274
13282
13290
13298
13306
13314
13322
13330
13338
13346
13354
13362
13370
13378
13386
13394
13402
13410
13418
13426
13434
13442
13449
13456
13465
13473
13481
13489
13497
13526
13534
13542
13551
13558
13566
13574
13582
13590
13598
13604
13610
13616
13622
13627
13628
13637
13645
13653
13660
13666
13674
13679
13684
13690
13697
13710
13718
13726
13734
13742
13750
13758
13766
13774
13782
13790
13798
13806
13814
13822
13830
13838
13846
13854
13862
13870
13878
13886
13894
13902
13910
13918
13926
13934
13942
13950
13958
13966
13974
13982
13990
13998
14006
14014
14022
14030
14038
14046
14054
14062
14070
14078
14086
14094
14102
14110
14118
14126
14134
14142
14150
14158
14166
14174
14182
14190
14198
14206
14214
14222
14230
14238
14246
14254
14261
14268
14273
14281
14289
14317
14325
14333
14340
14347
14355
14362
14370
14378
14386
14394
14402
14410
14417
14423
14431
14439
14450
14455
14462
14471
14476
14480
14485
14491
14496
14500
14506
14517
14525
14533
14541
14549
14557
14565
14573
14581
14589
14597
14605
14613
14621
14629
14637
14645
14653
14661
14669
14677
14685
14693
14701
14709
14717
14725
14733
14741
14749
14757
14765
14773
14781
14789
14797
14805
14813
14821
14829
14837
14845
14853
14861
14869
14877
14885
14893
14901
14909
14917
14925
14933
14941
14949
14957
14966
14975
14983
14991
14999
15007
15015
15023
15031
15039
15047
15055
15063
15070
15077
15081
15122
15130
15137
15144
15153
15161
15169
15177
15185
15193
15200
15207
15215
15218
15225
15232
15238
15243
15250
15257
15259
15266
15272
15279
15286
15295
15302
15309
15316
15325
15332
15340
15348
15356
15364
15372
15380
15388
15396
15404
15412
15420
15428
15436
15444
15452
15460
15468
15476
15484
15492
15500
15508
15516
15524
15532
15540
15548
15556
15564
15572
15580
15588
15596
15604
15612
15620
15627
15634
15642
15650
15657
15664
15672
15680
15688
15696
15704
15712
15720
15728
15736
15744
15752
15760
15768
15776
15784
15792
15800
15808
15816
15824
15832
15840
15848
15856
15864
15872
15880
15917
15921
15929
15936
15942
15949
15954
15961
15969
15977
15985
15992
15999
16004
16011
16019
16026
16033
16039
16044
16047
16054
16064
16071
16077
16084
16086
16092
16098
16106
16113
16120
16125
16131
16139
16147
16155
16163
16171
16179
16187
16195
16203
16211
16219
16227
16235
16243
16251
16259
16267
16275
16283
16291
16299
16307
16315
16323
16331
16339
16347
16355
16363
16371
16379
16387
16395
16403
16411
16419
16427
16435
16443
16451
16459
16467
16475
16483
16491
16499
16507
16515
16523
16531
16539
16547
16555
16563
16571
16579
16587
16595
16603
16611
16619
16627
16635
16643
16651
16659
16692
16699
16706
16713
16722
16730
16737
16744
16753
16760
16768
16776
16783
16789
16795
16799
16807
16815
16822
16828
16833
16840
16848
16855
16862
16871
16877
16884
16891
16898
16904
16915
16920
16926
16933
16941
16949
16957
16965
16973
16981
16989
16997
17005
17013
17021
17029
17037
17045
17053
17061
17069
17077
17085
17093
17101
17109
17117
17125
17133
17141
17149
17157
17165
17173
17181
17189
17197
17205
17213
17221
17229
17237
17245
17253
17261
17269
17277
17285
17293
17301
17309
17317
17325
17333
17341
17349
17357
17365
17373
17381
17389
17397
17405
17413
17421
17429
17437
17445
17453
17486
17494
17501
17508
17514
17520
17528
17535
17542
17555
17565
17573
17580
17587
17595
17601
17609
17616
17623
17628
17636
17644
17651
17658
17667
17673
17681
17688
17695
17704
17711
17717
17726
17735
17743
17751
17759
17767
17775
17783
17791
17799
17807
17815
17823
17831
17839
17847
17855
17863
17871
17879
17887
17895
17903
17911
17919
17927
17935
17943
17951
17959
17967
17975
17983
17991
17999
18007
18015
18023
18031
18039
18047
18055
18063
18071
18079
18087
18095
18103
18111
18119
18127
18135
18143
18151
18159
18167
18175
18183
18191
18199
18207
18215
18223
18231
18239
18247
18255
18263
18295
18303
18311
18319
18326
18330
18337
18348
18356
18364
18372
18379
18386
18392
18400
18408
18415
18421
18426
18431
18439
18446
18453
18461
18465
18473
18481
18488
18495
18501
18507
18512
18515
18521
18536
18544
18552
18560
18568
18576
18584
18592
18600
18608
18616
18624
18632
18640
18648
18656
18664
18672
18680
18688
18696
18704
18712
18720
18728
18736
18744
18752
18760
18768
18776
18784
18792
18800
18808
18816
18824
18832
18840
18848
18856
18864
18872
18880
18888
18896
18904
18912
18920
18928
18936
18944
18952
18960
18968
18976
18984
18992
19000
19008
19016
19024
19032
19040
19048
19056
19084
19092
19100
19108
19115
19124
19134
19143
19150
19156
19165
19173
19181
19188
19197
19208
19216
19222
19228
19235
19242
19249
19256
19264
19272
19280
19288
19295
19301
19304
19309
19314
19321
19329
19337
19345
19353
19361
19369
19377
19385
19393
19401
19409
19417
19425
19433
19441
19449
19457
19465
19473
19481
19489
19497
19505
19513
19521
19529
19537
19545
19553
19561
19569
19577
19585
19593
19601
19609
19617
19625
19633
19641
19649
19657
19665
19673
19681
19689
19697
19705
19713
19721
19729
19737
19745
19753
19761
19769
19777
19785
19793
19801
19809
19817
19825
19833
19841
19849
19857
19887
19895
19903
19910
19919
19928
19936
19944
19952
19959
19966
19974
19981
19988
19997
20002
20010
20018
20025
20032
20038
20046
20053
20060
20067
20070
20078
20086
20093
20099
20105
20108
20110
20121
20129
20137
20145
20153
20161
20169
20177
20185
20193
20201
20209
20217
20225
20233
20241
20249
20257
20265
20273
20281
20289
20297
20305
20313
20321
20329
20337
20345
20353
20361
20369
20377
20385
20393
20401
20409
20417
20425
20433
20441
20449
20457
20465
20473
20481
20489
20497
20505
20513
20521
20529
20537
20545
20553
20561
20569
20577
20585
20593
20601
20609
20617
20625
20633
20641
20649
20678
20686
20694
20701
20708
20711
20719
20727
20735
20742
20751
20762
20769
20776
20782
20791
20799
20807
20815
20823
20830
20837
20844
20852
20860
20868
20876
20884
20892
20899
20905
20910
20920
20922
20931
20939
20947
20955
20963
20970
20978
20986
20994
21005
21013
21021
21029
21037
21045
21053
21061
21069
21077
21085
21093
21101
21109
21117
21125
21133
21141
21149
21157
21165
21173
21181
21189
21197
21205
21213
21221
21229
21237
21245
21253
21261
21269
21277
21285
21293
21301
21309
21317
21325
21333
21341
21349
21357
21365
21373
21381
21389
21397
21405
21413
21421
21429
21437
21445
21453
21488
21496
21504
21512
21520
21528
21536
21544
21551
21558
21564
21570
21576
21582
21589
21598
21604
21612
21619
21626
21632
21637
21645
21653
21661
21669
21677
21684
21691
21698
21704
21712
21719
21726
21734
21741
21749
21757
21765
21773
21781
21789
21791
21799
21807
21814
21822
21830
21838
21846
21854
21862
21870
21878
21886
21894
21902
21910
21918
21926
21934
21942
21950
21958
21966
21974
21982
21990
21998
22006
22014
22022
22030
22038
22046
22054
22062
22070
22078
22086
22094
22102
22110
22118
22126
22134
22142
22150
22158
22166
22174
22182
22190
22198
22206
22214
22222
22230
22238
22246
22277
22284
22292
22299
22301
22311
22319
22327
22335
22343
22351
22359
22367
22374
22381
22385
22393
22403
22410
22418
22426
22434
22440
22449
22452
22456
22466
22474
22481
22488
22493
22502
22510
22517
22529
22536
22544
22552
22560
22568
22576
22584
22592
22600
22608
22616
22624
22632
22640
22648
22656
22664
22672
22680
22688
22696
22704
22712
22720
22728
22736
22744
22752
22760
22768
22776
22784
22792
22800
22808
22816
22824
22832
22840
22848
22856
22864
22872
22880
22888
22896
22904
22912
22920
22928
22936
22944
22952
22960
22968
22976
22984
22992
23000
23008
23016
23024
23032
23040
23048
23079
23085
23091
23098
23109
23117
23125
23133
23141
23148
23155
23162
23172
23174
23182
23189
23196
23200
23206
23214
23222
23230
23237
23243
23247
23256
23262
23270
23277
23282
23288
23296
23304
23311
23320
23326
23334
23342
23350
23358
23366
23374
23382
23390
23398
23406
23414
23422
23430
23438
23446
23454
23462
23470
23478
23486
23494
23502
23510
23518
23526
23534
23542
23550
23558
23566
23574
23582
23590
23598
23606
23614
23622
23630
23638
23646
23654
23662
23670
23678
23686
23694
23702
23710
23718
23726
23734
23742
23750
23758
23766
23774
23782
23790
23798
23806
23814
23822
23830
23838
23868
23876
23884
23892
23901
23908
23915
23920
23927
23935
23943
23951
23958
23965
23974
23983
23990
23997
24007
24016
24023
24030
24037
24041
24043
24052
24059
24067
24077
24084
24091
24100
24104
24110
24118
24124
24132
24140
24148
24156
24164
24172
24180
24188
24196
24204
24212
24220
24228
24236
24244
24252
24260
24268
24276
24284
24292
24300
24308
24316
24324
24332
24340
24348
24356
24364
24372
24380
24388
24396
24404
24412
24423
24431
24439
24447
24455
24463
24471
24479
24487
24495
24503
24511
24519
24527
24535
24543
24551
24559
24567
24575
24583
24591
24599
24607
24615
24623
24631
24639
24667
24675
24683
24695
24702
24706
24716
24724
24732
24739
24746
24752
24762
24770
24778
24786
24793
24800
24804
24809
24817
24824
24831
24838
24848
24854
24861
24868
24875
24882
24890
24896
24902
24909
24915
24922
24929
24932
24938
24946
24954
24962
24970
24978
24986
24994
25002
25010
25018
25026
25034
25042
25050
25058
25066
25074
25082
25090
25098
25106
25114
25122
25130
25138
25146
25154
25162
25170
25178
25186
25194
25202
25210
25218
25226
25234
25242
25250
25258
25266
25274
25282
25290
25298
25306
25314
25322
25330
25338
25346
25354
25362
25370
25378
25386
25394
25402
25410
25418
25426
25476
25501
25508
25511
25519
25527
25534
25541
25551
25559
25568
25574
25581
25583
25591
25599
25607
25615
25623
25633
25640
25647
25658
25661
25669
25676
25682
25690
25698
25705
25712
25718
25725
25732
25737
25744
25752
25760
25768
25776
25784
25792
25800
25808
25816
25824
25832
25840
25848
25856
25864
25872
25880
25888
25896
25904
25912
25920
25928
25936
25944
25952
25960
25968
25976
25984
25992
26000
26008
26016
26024
26032
26040
26048
26056
26064
26072
26080
26088
26096
26104
26112
26120
26128
26136
26144
26152
26160
26168
26176
26184
26192
26200
26208
26216
26224
26232
26240
26248
26256
26290
26301
26306
26313
26320
26327
26332
26339
26347
26355
26362
26369
26377
26389
26397
26405
26412
26419
26426
26428
26438
26446
26454
26462
26471
26478
26485
26490
26497
26504
26511
26518
26526
26531
26541
26548
26558
26566
26574
26582
26590
26598
26606
26614
26622
26630
26638
26646
26654
26662
26670
26678
26686
26694
26702
26710
26718
26726
26734
26742
26750
26758
26766
26774
26782
26790
26798
26806
26814
26822
26830
26838
26846
26854
26862
26870
26878
26886
26894
26902
26910
26918
26926
26934
26942
26950
26958
26966
26974
26982
26990
26998
27006
27014
27022
27030
27038
27046
27054
27061
27100
27108
27116
27125
27132
27139
27144
27150
27158
27165
27172
27185
27193
27200
27207
27214
27220
27227
27235
27243
27251
27259
27267
27275
27282
27289
27295
27302
27310
27321
27330
27337
27344
27353
27362
27370
27378
27386
27394
27402
27410
27418
27426
27434
27442
27450
27458
27466
27474
27482
27490
27498
27506
27514
27522
27530
27538
27546
27554
27562
27570
27578
27586
27594
27602
27610
27618
27626
27634
27642
27650
27658
27666
27674
27682
27690
27698
27706
27714
27722
27730
27738
27746
27754
27762
27770
27778
27786
27794
27802
27810
27818
27826
27834
27841
27848
27852
27859
27866
27874
27903
27911
27919
27927
27934
27941
27947
27957
27964
27971
27978
27986
27993
28001
28009
28016
28023
28032
28040
28048
28056
28064
28072
28079
28087
28092
28097
28100
28114
28121
28129
28137
28144
28148
28155
28163
28171
28179
28187
28195
28203
28211
28219
28227
28235
28243
28251
28259
28267
28275
28283
28291
28299
28307
28315
28323
28331
28339
28347
28355
28363
28371
28379
28387
28395
28403
28411
28419
28427
28435
28443
28450
28457
28464
28471
28479
28487
28494
28502
28510
28518
28526
28534
28542
28550
28558
28566
28574
28582
28590
28598
28606
28614
28622
28630
28638
28646
28653
28660
28666
28704
28712
28720
28728
28735
28744
28750
28757
28764
28771
28780
28788
28796
28804
28812
28819
28826
28830
28840
28848
28856
28864
28871
28878
28886
28893
28901
28908
28917
28920
28926
28933
28940
28947
28955
28963
28971
28979
28987
28995
29003
29011
29019
29027
29035
29043
29051
29059
29067
29075
29083
29091
29099
29107
29115
29123
29131
29139
29147
29155
29163
29171
29179
29187
29195
29203
29211
29219
29227
29235
29243
29251
29259
29267
29275
29283
29291
29299
29307
29315
29323
29331
29339
29347
29355
29363
29371
29379
29387
29395
29403
29411
29419
29427
29435
29443
29451
29458
29465
29468
29508
29514
29521
29528
29537
29547
29555
29563
29570
29578
29586
29594
29602
29610
29617
29624
29632
29636
29644
29652
29660
29667
29674
29676
29686
29694
29702
29710
29717
29724
29729
29736
29743
29752
29759
29767
29775
29783
29791
29799
29807
29815
29823
29831
29839
29847
29855
29863
29871
29879
29887
29895
29903
29911
29919
29927
29935
29943
29951
29959
29967
29975
29983
29991
29999
30007
30015
30023
30031
30039
30047
30055
30063
30071
30079
30087
30095
30103
30111
30119
30127
30135
30143
30151
30159
30167
30175
30183
30191
30199
30207
30215
30223
30231
30239
30247
30255
30262
30269
30276
30316
30323
30330
30337
30343
30354
30359
30366
30376
30384
30392
30399
30406
30411
30417
30424
30432
30440
30447
30454
30464
30472
30480
30488
30496
30504
30512
30519
30526
30528
30538
30545
30553
30560
30563
30572
30580
30588
30596
30604
30612
30620
30628
30636
30644
30652
30660
30668
30676
30684
30692
30700
30708
30716
30724
30732
30740
30748
30756
30764
30772
30780
30788
30796
30804
30812
30820
30828
30836
30844
30852
30860
30868
30876
30884
30892
30900
30908
30916
30924
30932
30940
30948
30956
30964
30972
30980
30988
30996
31004
31012
31020
31028
31036
31044
31051
31058
31068
31076
31084
31111
31119
31127
31135
31143
31150
31157
31164
31172
31177
31184
31192
31200
31207
31214
31222
31233
31241
31248
31256
31265
31273
31281
31289
31297
31305
31312
31319
31321
31330
31338
31345
31352
31361
31367
31375
31383
31391
31399
31407
31415
31423
31431
31439
31447
31455
31463
31471
31479
31487
31495
31503
31511
31519
31527
31535
31543
31551
31559
31567
31575
31583
31591
31599
31607
31615
31623
31631
31639
31647
31655
31663
31671
31679
31687
31695
31703
31711
31719
31727
31735
31743
31751
31759
31767
31775
31783
31791
31799
31807
31815
31823
31831
31838
31845
31849
31857
31865
31873
31881
31915
31923
31931
31939
31947
31953
31960
31966
31968
31974
31980
31983
31992
32000
32008
32015
32022
32026
32033
32041
32049
32057
32064
32071
32079
32086
32094
32102
32109
32116
32128
32136
32143
32150
32161
32168
32176
32184
32192
32200
32208
32216
32224
32232
32240
32248
32256
32264
32272
32280
32288
32296
32304
32312
32320
32328
32336
32344
32352
32360
32368
32376
32384
32392
32400
32408
32416
32424
32432
32440
32448
32456
32464
32472
32480
32488
32496
32504
32512
32520
32528
32536
32544
32552
32560
32568
32576
32584
32592
32600
32608
32616
32623
32630
32639
32648
32656
32664
32672
32680
32712
32720
32728
32735
32742
32753
32758
32765
32772
32779
32786
32788
32794
32801
32808
32815
32823
32837
32845
32853
32861
32868
32875
32882
32886
32893
32901
32908
32915
32928
32936
32943
32950
32957
32962
32972
32980
32988
32996
33004
33011
33018
33025
33033
33041
33049
33057
33065
33073
33081
33089
33097
33105
33113
33121
33129
33137
33145
33153
33161
33169
33177
33185
33193
33201
33209
33217
33225
33233
33241
33249
33257
33265
33273
33281
33289
33297
33305
33313
33321
33329
33337
33345
33353
33361
33369
33377
33385
33393
33401
33409
33416
33423
33429
33436
33444
33452
33460
33468
33476
33510
33518
33526
33534
33542
33549
33556
33564
33571
33578
33587
33594
33602
33610
33618
33622
33629
33636
33646
33656
33663
33670
33677
33681
33685
33693
33700
33704
33712
33720
33728
33736
33744
33752
33760
33767
33774
33779
33784
33791
33799
33807
33815
33823
33831
33839
33847
33855
33863
33871
33879
33887
33895
33903
33911
33919
33927
33935
33943
33951
33959
33967
33975
33983
33991
33999
34007
34015
34023
34031
34039
34047
34055
34063
34071
34079
34087
34095
34103
34111
34119
34127
34135
34143
34151
34159
34167
34175
34183
34192
34199
34208
34214
34222
34230
34238
34246
34254
34262
34270
34304
34312
34320
34328
34335
34342
34349
34357
34368
34376
34383
34386
34394
34402
34410
34417
34424
34430
34440
34448
34456
34464
34471
34478
34485
34494
34501
34509
34516
34524
34532
34540
34548
34556
34564
34571
34578
34585
34588
34595
34603
34611
34619
34627
34635
34643
34651
34659
34667
34675
34683
34691
34699
34707
34715
34723
34731
34739
34747
34755
34763
34771
34779
34787
34795
34803
34811
34819
34827
34835
34843
34851
34859
34867
34875
34883
34891
34899
34907
34915
34923
34931
34939
34947
34955
34963
34971
34979
34987
34994
35001
35008
35015
35022
35030
35038
35046
35068
35076
35084
35114
35122
35130
35137
35144
35157
35163
35167
35174
35181
35192
35200
35208
35215
35222
35236
35243
35251
35259
35267
35274
35281
35288
35294
35303
35312
35322
35330
35338
35346
35353
35360
35369
35377
35385
35393
35401
35409
35417
35425
35433
35441
35449
35457
35465
35473
35481
35489
35497
35505
35513
35521
35529
35537
35545
35553
35561
35569
35577
35585
35593
35601
35609
35617
35625
35633
35641
35649
35657
35665
35673
35681
35689
35697
35705
35713
35721
35729
35737
35745
35753
35761
35769
35777
35784
35791
35799
35805
35813
35821
35829
35837
35845
35853
35861
35869
35877
35885
35893
35901
35939
35948
35955
35961
35966
35972
35982
35989
35999
36008
36011
36018
36025
36030
36043
36051
36059
36067
36075
36083
36090
36096
36102
36109
36115
36121
36130
36138
36145
36152
36163
36172
36180
36188
36196
36204
36212
36220
36228
36236
36244
36252
36260
36268
36275
36283
36291
36299
36307
36315
36323
36331
36339
36347
36355
36363
36371
36379
36387
36395
36403
36411
36419
36427
36435
36443
36451
36459
36467
36475
36483
36491
36499
36507
36515
36523
36531
36539
36546
36553
36562
36570
36578
36586
36594
36602
36610
36618
36626
36634
36642
36650
36658
36666
36674
36682
36690
36698
36706
36714
36757
36764
36770
36778
36786
36794
36801
36807
36813
36818
36824
36831
36836
36841
36849
36857
36865
36872
36879
36886
36891
36898
36904
36911
36921
36937
36944
36951
36958
36966
36974
36982
36990
36998
37006
37014
37022
37030
37038
37046
37054
37062
37070
37078
37086
37094
37102
37110
37118
37126
37134
37142
37150
37158
37166
37174
37182
37190
37198
37206
37214
37222
37230
37238
37246
37254
37262
37270
37278
37286
37294
37302
37310
37318
37326
37334
37341
37348
37355
37363
37371
37379
37387
37395
37403
37411
37419
37427
37435
37443
37451
37459
37467
37475
37483
37491
37499
37507
37515
37523
37567
37575
37583
37590
37597
37603
37614
37617
37621
37628
37635
37642
37645
37653
37661
37668
37675
37682
37691
37694
37701
37708
37715
37726
37731
37740
37747
37752
37761
37769
37777
37785
37793
37801
37809
37817
37825
37833
37841
37849
37857
37865
37873
37881
37889
37897
37905
37913
37921
37929
37937
37945
37953
37961
37969
37977
37985
37993
38001
38009
38017
38025
38033
38054
38062
38070
38078
38086
38094
38102
38110
38118
38126
38135
38142
38149
38159
38168
38176
38184
38192
38200
38208
38216
38224
38232
38240
38248
38256
38264
38272
38280
38288
38296
38304
38312
38320
38328
38335
38342
38383
38392
38399
38406
38411
38414
38419
38426
38433
38440
38446
38453
38457
38466
38476
38484
38491
38498
38505
38508
38517
38525
38533
38541
38549
38556
38563
38571
38583
38591
38599
38607
38615
38623
38631
38639
38647
38655
38663
38671
38679
38687
38695
38703
38711
38719
38727
38735
38743
38751
38759
38767
38775
38783
38791
38799
38807
38815
38823
38831
38839
38847
38855
38863
38871
38879
38887
38895
38903
38911
38919
38926
38933
38938
38943
38951
38959
38967
38975
38983
38991
38999
39007
39015
39023
39031
39039
39047
39055
39063
39071
39079
39087
39095
39103
39111
39119
39127
39134
39141
39190
39195
39199
39207
39215
39223
39231
39239
39247
39254
39260
39267
39274
39277
39281
39287
39294
39301
39314
39322
39330
39338
39346
39353
39363
39370
39378
39386
39394
39402
39410
39418
39426
39434
39442
39450
39458
39466
39474
39482
39490
39498
39506
39514
39522
39530
39538
39546
39554
39562
39570
39578
39586
39594
39602
39610
39618
39626
39634
39642
39650
39658
39666
39674
39682
39690
39698
39706
39714
39722
39729
39736
39743
39749
39755
39765
39773
39781
39789
39797
39805
39813
39821
39829
39837
39846
39854
39862
39870
39878
39886
39894
39902
39910
39917
39924
39931
39935
39941
39949
39993
40000
40006
40014
40022
40030
40038
40044
40051
40057
40063
40069
40074
40081
40089
40098
40105
40112
40119
40127
40130
40136
40140
40146
40153
40160
40168
40177
40185
40193
40201
40209
40217
40225
40233
40241
40249
40257
40265
40273
40281
40289
40297
40305
40313
40321
40329
40337
40345
40353
40361
40369
40377
40385
40393
40401
40409
40417
40425
40433
40441
40449
40457
40465
40473
40481
40489
40497
40505
40513
40520
40527
40531
40536
40543
40551
40559
40567
40575
40583
40591
40599
40607
40615
40623
40631
40639
40647
40655
40663
40671
40679
40687
40695
40703
40711
40719
40726
40733
40740
40780
40787
40794
40802
40810
40818
40826
40833
40840
40847
40854
40857
40863
40869
40876
40881
40888
40896
40902
40905
40912
40919
40926
40933
40939
40945
40952
40958
40964
40971
40981
40989
40997
41005
41013
41021
41029
41037
41045
41053
41061
41069
41077
41085
41093
41101
41109
41117
41125
41133
41141
41149
41157
41165
41173
41181
41189
41197
41205
41213
41221
41229
41237
41245
41253
41261
41269
41277
41285
41293
41301
41309
41316
41323
41330
41339
41349
41357
41363
41371
41379
41387
41395
41403
41411
41419
41427
41435
41443
41451
41459
41467
41475
41483
41491
41499
41507
41515
41522
41529
41581
41587
41594
41605
41618
41625
41632
41639
41646
41651
41662
41670
41677
41683
41690
41697
41707
41712
41719
41726
41731
41736
41744
41750
41757
41764
41771
41779
41787
41795
41803
41811
41819
41827
41835
41843
41851
41859
41867
41875
41883
41891
41899
41907
41915
41923
41931
41939
41947
41955
41963
41971
41979
41987
41995
42003
42011
42019
42027
42035
42043
42051
42059
42067
42075
42083
42090
42097
42104
42111
42115
42123
42131
42139
42147
42155
42163
42171
42179
42187
42195
42203
42211
42219
42227
42235
42243
42251
42259
42267
42275
42283
42291
42299
42307
42315
42323
42331
42338
42345
42398
42405
42410
42415
42423
42430
42437
42444
42457
42465
42473
42480
42487
42493
42500
42507
42514
42520
42526
42532
42538
42542
42549
42552
42558
42567
42575
42583
42591
42599
42607
42615
42623
42631
42639
42647
42655
42663
42671
42679
42687
42695
42703
42711
42719
42727
42735
42743
42751
42759
42767
42775
42783
42791
42799
42807
42815
42823
42831
42839
42847
42855
42863
42870
42877
42884
42887
42893
42901
42909
42917
42925
42933
42941
42949
42957
42965
42973
42981
42989
42997
43005
43013
43021
43029
43037
43045
43053
43061
43069
43077
43085
43093
43101
43109
43117
43125
43133
43141
43149
43196
43203
43208
43214
43220
43226
43232
43239
43246
43252
43258
43265
43272
43279
43286
43292
43295
43303
43309
43316
43323
43330
43337
43344
43351
43358
43365
43374
43381
43389
43397
43405
43413
43421
43429
43437
43445
43453
43461
43469
43477
43485
43493
43501
43509
43517
43525
43533
43541
43549
43557
43565
43573
43581
43589
43597
43605
43613
43621
43629
43637
43645
43651
43658
43665
43669
43679
43687
43695
43703
43711
43719
43727
43735
43743
43751
43759
43767
43775
43783
43791
43799
43807
43815
43823
43831
43839
43847
43855
43863
43871
43879
43887
43895
43903
43911
43919
43927
43935
43943
43983
43989
43995
44001
44007
44013
44017
44022
44027
44034
44041
44047
44053
44059
44063
44072
44078
44085
44093
44101
44108
44115
44123
44138
44145
44152
44165
44174
44182
44190
44198
44206
44214
44222
44230
44238
44246
44254
44262
44270
44278
44286
44294
44302
44310
44318
44326
44334
44342
44350
44358
44366
44374
44382
44390
44398
44406
44414
44422
44430
44437
44444
44451
44461
44468
44476
44484
44492
44500
44508
44516
44524
44532
44540
44548
44556
44564
44572
44580
44588
44596
44604
44612
44620
44628
44636
44644
44652
44660
44668
44676
44684
44692
44700
44708
44716
44724
44732
44740
44748
44786
44794
44800
44806
44812
44815
44819
44825
44832
44836
44844
44851
44856
44863
44869
44874
44880
44888
44896
44901
44907
44913
44923
44930
44937
44944
44951
44958
44967
44975
44983
44991
44999
45007
45015
45023
45031
45039
45047
45055
45063
45071
45079
45087
45095
45103
45111
45119
45127
45135
45143
45151
45159
45167
45175
45183
45191
45199
45207
45216
45223
45230
45233
45240
45247
45255
45263
45271
45279
45287
45295
45303
45311
45319
45327
45335
45343
45351
45359
45367
45375
45383
45391
45397
45403
45410
45417
45425
45433
45441
45449
45457
45465
45473
45481
45489
45497
45505
45513
45521
45561
45569
45577
45584
45591
45598
45601
45605
45609
45613
45619
45626
45633
45640
45647
45655
45662
45668
45674
45682
45686
45692
45698
45704
45713
45720
45728
45737
45745
45753
45760
45767
45774
45779
45786
45795
45803
45811
45819
45827
45835
45843
45851
45859
45867
45875
45883
45891
45899
45907
45915
45923
45931
45939
45947
45955
45963
45971
45979
45987
45995
46003
46010
46017
46025
46030
46036
46044
46052
46060
46068
46076
46084
46092
46100
46108
46116
46124
46132
46140
46148
46156
46164
46172
46180
46188
46196
46204
46212
46220
46228
46236
46244
46252
46260
46268
46276
46284
46292
46300
46351
46359
46367
46375
46382
46389
46396
46402
46408
46414
46420
46425
46433
46440
46447
46454
46464
46467
46476
46482
46489
46496
46504
46508
46516
46523
46530
46536
46543
46551
46559
46566
46573
46580
46586
46594
46602
46610
46618
46626
46634
46642
46650
46658
46666
46674
46682
46690
46698
46706
46714
46722
46730
46738
46746
46754
46762
46770
46778
46786
46794
46802
46809
46816
46823
46829
46835
46843
46851
46859
46867
46875
46883
46891
46899
46907
46915
46923
46931
46939
46947
46955
46963
46971
46979
46987
46995
47003
47011
47019
47027
47035
47043
47051
47059
47067
47075
47083
47091
47099
47141
47149
47157
47165
47173
47181
47188
47196
47201
47213
47223
47229
47236
47244
47251
47258
47265
47269
47274
47280
47287
47294
47301
47307
47313
47318
47323
47330
47337
47340
47348
47356
47363
47370
47377
47384
47391
47398
47406
47414
47422
47430
47438
47446
47454
47462
47470
47478
47486
47494
47502
47510
47518
47526
47534
47542
47550
47558
47566
47574
47582
47590
47599
47607
47614
47621
47627
47634
47642
47650
47658
47666
47674
47682
47690
47698
47706
47714
47722
47730
47738
47746
47754
47762
47770
47778
47786
47794
47802
47810
47818
47826
47834
47842
47850
47858
47866
47874
47882
47890
47930
47938
47946
47954
47962
47969
47976
47983
47992
48000
48007
48014
48021
48030
48038
48046
48054
48062
48069
48076
48085
48093
48101
48109
48115
48121
48127
48129
48139
48144
48155
48163
48170
48178
48186
48194
48202
48210
48218
48226
48234
48242
48250
48258
48266
48274
48282
48290
48298
48306
48314
48322
48330
48338
48346
48354
48362
48370
48378
48386
48394
48402
48410
48417
48424
48429
48437
48442
48449
48457
48465
48473
48481
48489
48497
48505
48513
48521
48529
48537
48545
48553
48561
48569
48577
48585
48593
48601
48609
48617
48625
48633
48641
48649
48657
48665
48673
48681
48689
48697
48742
48749
48756
48763
48770
48778
48785
48793
48800
48807
48813
48819
48827
48835
48843
48851
48859
48866
48873
48880
48889
48897
48905
48910
48917
48924
48931
48937
48942
48944
48950
48956
48962
48967
48975
48982
48987
48997
49005
49013
49021
49029
49037
49045
49053
49061
49069
49077
49085
49093
49101
49109
49117
49125
49133
49141
49149
49157
49165
49173
49181
49189
49197
49205
49212
49219
49226
49233
49236
49244
49251
49258
49265
49273
49281
49289
49297
49305
49313
49321
49329
49337
49345
49353
49361
49369
49377
49385
49393
49401
49409
49417
49425
49433
49441
49449
49457
49465
49473
49481
49518
49526
49533
49540
49547
49557
49565
49571
49577
49584
49591
49596
49598
49607
49615
49623
49631
49639
49648
49657
49664
49671
49681
49695
49702
49709
49716
49724
49734
49742
49750
49757
49763
49768
49774
49779
49784
49789
49795
49799
49804
49811
49819
49827
49835
49843
49851
49859
49867
49875
49883
49891
49899
49907
49915
49923
49931
49939
49947
49955
49963
49971
49979
49987
49995
50003
50011
50019
50027
50036
50043
50050
50054
50067
50075
50083
50091
50099
50107
50115
50123
50131
50139
50147
50155
50163
50171
50179
50187
50195
50203
50211
50219
50227
50235
50243
50251
50259
50267
50275
50316
50324
50332
50339
50346
50355
50359
50367
50374
50381
50388
50395
50399
50410
50418
50426
50434
50442
50450
50458
50464
50471
50478
50484
50490
50493
50500
50507
50516
50525
50533
50541
50549
50557
50563
50570
50576
50580
50591
50597
50605
50611
50619
50627
50635
50643
50651
50659
50667
50675
50683
50691
50699
50707
50715
50723
50731
50739
50747
50755
50763
50771
50779
50787
50795
50803
50811
50819
50826
50833
50840
50847
50854
50859
50867
50875
50883
50891
50899
50907
50915
50923
50931
50939
50947
50955
50963
50971
50979
50987
50995
51003
51011
51019
51027
51035
51043
51051
51059
51067
51103
51111
51119
51126
51133
51140
51146
51154
51162
51169
51176
51183
51190
51193
51199
51207
51215
51223
51231
51239
51247
51255
51262
51269
51276
51284
51289
51295
51302
51309
51316
51323
51333
51341
51349
51357
51365
51373
51381
51388
51394
51400
51405
51414
51424
51429
51436
51444
51452
51460
51468
51476
51484
51492
51500
51508
51516
51524
51532
51540
51547
51555
51563
51571
51579
51587
51594
51602
51610
51618
51625
51629
51636
51643
51648
51656
51664
51672
51680
51688
51696
51704
51712
51720
51728
51736
51744
51752
51760
51768
51776
51784
51792
51800
51808
51816
51824
51832
51840
51848
51886
51894
51902
51910
51917
51924
51932
51940
51948
51955
51962
51969
51975
51985
51993
52001
52009
52017
52025
52033
52041
52049
52057
52064
52071
52078
52085
52090
52099
52107
52113
52120
52128
52136
52144
52152
52160
52168
52176
52185
52194
52202
52208
52214
52220
52228
52232
52240
52248
52254
52261
52269
52277
52285
52293
52301
52309
52317
52325
52333
52341
52349
52357
52365
52373
52381
52389
52397
52405
52413
52420
52427
52439
52447
52455
52463
52471
52479
52487
52495
52503
52511
52519
52527
52535
52543
52551
52559
52567
52575
52583
52591
52599
52607
52615
52623
52631
52639
52647
52655
52691
52701
52708
52715
52724
52732
52740
52747
52754
52761
52773
52781
52789
52797
52805
52813
52821
52829
52837
52845
52853
52861
52869
52875
52882
52888
52894
52904
52910
52916
52922
52929
52936
52944
52952
52960
52967
52974
52981
52988
52995
53002
53006
53015
53021
53027
53035
53038
53044
53053
53061
53069
53077
53085
53093
53101
53109
53117
53125
53133
53141
53149
53157
53165
53173
53181
53189
53197
53204
53211
53218
53224
53232
53240
53248
53256
53264
53272
53280
53288
53296
53304
53312
53320
53328
53336
53344
53352
53360
53368
53376
53384
53392
53400
53408
53416
53424
53432
53440
53448
53485
53493
53501
53509
53517
53525
53532
53539
53545
53552
53563
53570
53576
53583
53591
53599
53607
53615
53623
53631
53639
53647
53653
53660
53667
53674
53680
53686
53693
53697
53704
53711
53718
53727
53735
53743
53751
53759
53767
53775
53783
53791
53799
53806
53813
53820
53826
53829
53836
53843
53846
53854
53862
53870
53878
53886
53894
53902
53910
53918
53926
53934
53942
53950
53958
53966
53974
53982
53990
53997
54004
54011
54018
54025
54033
54041
54049
54057
54065
54073
54081
54089
54097
54105
54113
54121
54129
54137
54145
54153
54161
54169
54177
54185
54193
54201
54209
54217
54225
54233
54274
54282
54290
54298
54306
54314
54322
54330
54338
54345
54351
54355
54360
54365
54371
54378
54392
54399
54407
54415
54423
54431
54439
54446
54453
54460
54467
54474
54480
54488
54496
54503
54509
54516
54524
54529
54536
54544
54552
54560
54568
54576
54584
54592
54599
54606
54613
54620
54626
54633
54639
54646
54654
54663
54671
54679
54687
54695
54703
54711
54719
54727
54735
54743
54751
54759
54767
54775
54782
54790
54797
54804
54810
54817
54825
54833
54841
54849
54857
54865
54873
54881
54889
54897
54905
54913
54921
54929
54937
54945
54953
54961
54969
54977
54985
54993
55001
55009
55017
55025
55065
55073
55081
55089
55097
55105
55113
55121
55129
55137
55145
55152
55159
55165
55171
55177
55181
55183
55192
55200
55208
55216
55224
55232
55240
55247
55254
55261
55273
55277
55283
55290
55297
55304
55311
55316
55321
55326
55334
55342
55350
55358
55366
55374
55382
55390
55398
55406
55414
55421
55425
55432
55439
55446
55452
55460
55468
55476
55484
55492
55500
55508
55516
55524
55532
55540
55548
55556
55564
55572
55580
55591
55598
55607
55614
55622
55630
55638
55646
55654
55662
55670
55678
55686
55694
55702
55710
55718
55726
55734
55742
55750
55758
55766
55774
55782
55790
55798
55806
55814
55852
55860
55868
55876
55884
55892
55900
55908
55916
55924
55932
55940
55948
55955
55962
55969
55977
55988
55994
55998
56005
56009
56016
56023
56031
56039
56047
56054
56060
56067
56074
56085
56091
56098
56105
56112
56117
56123
56131
56139
56147
56155
56163
56171
56179
56187
56195
56202
56208
56214
56220
56225
56234
56241
56246
56253
56261
56269
56277
56285
56293
56301
56309
56317
56325
56333
56341
56349
56357
56365
56373
56382
56390
56397
56404
56410
56418
56426
56434
56442
56450
56458
56466
56474
56482
56490
56498
56506
56514
56522
56530
56538
56546
56554
56562
56570
56577
56585
56593
56601
56643
56651
56659
56667
56675
56683
56691
56699
56707
56715
56723
56731
56739
56747
56755
56765
56772
56778
56783
56788
56794
56800
56807
56814
56821
56830
56838
56846
56853
56860
56867
56875
56881
56889
56893
56900
56907
56919
56927
56935
56943
56951
56959
56967
56975
56983
56991
56999
57007
57013
57019
57025
57042
57047
57052
57060
57068
57076
57084
57092
57100
57108
57116
57124
57132
57140
57148
57156
57164
57172
57182
57189
57196
57199
57204
57212
57220
57228
57236
57244
57252
57260
57268
57276
57284
57292
57300
57308
57316
57324
57332
57340
57348
57356
57364
57372
57380
57388
57396
57404
57441
57449
57457
57465
57473
57481
57489
57497
57505
57513
57521
57529
57537
57545
57553
57560
57567
57574
57577
57583
57591
57599
57606
57613
57620
57623
57630
57636
57641
57648
57655
57659
57665
57673
57683
57690
57696
57704
57712
57720
57728
57736
57744
57752
57760
57768
57776
57784
57792
57800
57808
57814
57819
57825
57831
57838
57843
57848
57854
57857
57865
57873
57881
57889
57897
57905
57913
57921
57929
57937
57945
57953
57961
57969
57977
57983
57989
57996
58009
58017
58025
58033
58041
58049
58057
58065
58073
58081
58089
58097
58105
58113
58121
58129
58137
58145
58153
58161
58169
58177
58222
58230
58238
58246
58254
58262
58270
58278
58286
58294
58302
58310
58318
58326
58334
58342
58350
58358
58366
58373
58381
58388
58392
58397
58403
58409
58414
58421
58432
58440
58447
58454
58461
58464
58470
58476
58483
58491
58498
58507
58517
58525
58533
58541
58549
58557
58565
58573
58581
58589
58597
58605
58613
58620
58627
58634
58640
58648
58655
58661
58665
58670
58678
58686
58694
58702
58710
58718
58726
58734
58742
58750
58755
58762
58772
58779
58786
58793
58800
58806
58814
58822
58830
58838
58846
58854
58862
58870
58878
58886
58894
58902
58910
58918
58926
58934
58942
58950
58958
58966
59009
59017
59025
59033
59041
59049
59057
59065
59073
59081
59089
59097
59105
59113
59121
59129
59137
59145
59153
59161
59169
59177
59184
59191
59197
59203
59209
59218
59228
59235
59242
59248
59255
59262
59266
59277
59285
59292
59299
59304
59308
59315
59323
59331
59339
59347
59355
59363
59371
59379
59387
59395
59403
59410
59415
59422
59429
59435
59442
59449
59455
59462
59469
59477
59484
59492
59500
59508
59516
59524
59532
59540
59548
59556
59563
59570
59578
59585
59593
59601
59609
59617
59625
59633
59641
59649
59657
59665
59673
59681
59689
59697
59705
59713
59721
59729
59737
59745
59753
59761
59798
59806
59814
59822
59830
59838
59846
59854
59862
59870
59878
59886
59894
59902
59910
59918
59926
59934
59942
59950
59958
59966
59974
59982
59989
59996
60001
60006
60013
60020
60028
60031
60041
60049
60057
60065
60072
60079
60086
60096
60104
60107
60113
60121
60129
60137
60145
60153
60161
60169
60177
60185
60190
60197
60204
60211
60218
60220
60226
60234
60242
60250
60257
60264
60271
60275
60287
60295
60303
60311
60319
60327
60335
60343
60351
60358
60365
60372
60377
60384
60392
60400
60408
60416
60424
60432
60440
60448
60456
60464
60472
60480
60488
60496
60504
60512
60520
60528
60536
60544
60577
60585
60593
60601
60609
60617
60625
60633
60641
60649
60657
60665
60673
60681
60689
60697
60705
60713
60721
60729
60737
60745
60753
60761
60769
60776
60783
60790
60798
60803
60809
60818
60823
60828
60833
60841
60849
60857
60865
60872
60879
60886
60893
60898
60900
60909
60913
60925
60932
60940
60948
60956
60964
60972
60980
60988
60996
61003
61011
61018
61025
61033
61041
61045
61052
61059
61066
61071
61073
61078
61086
61094
61102
61110
61118
61126
61134
61142
61150
61157
61164
61171
61174
61179
61186
61194
61202
61210
61218
61226
61234
61242
61250
61257
61265
61273
61281
61289
61297
61305
61340
61348
61356
61364
61372
61380
61388
61396
61404
61412
61420
61428
61436
61444
61452
61460
61468
61476
61484
61492
61500
61508
61516
61524
61532
61540
61548
61556
61564
61572
61580
61590
61597
61604
61610
61616
61620
61629
61635
61644
61652
61660
61668
61676
61684
61691
61698
61704
61710
61715
61720
61727
61736
61746
61754
61762
61770
61778
61786
61794
61802
61810
61817
61824
61830
61836
61842
61849
61856
61861
61868
61876
61884
61892
61900
61908
61916
61924
61932
61939
61946
61954
61960
61965
61974
61982
61990
61998
62006
62014
62022
62030
62038
62046
62054
62062
62070
62078
62086
62094
62137
62145
62153
62161
62169
62177
62185
62193
62201
62209
62217
62225
62233
62241
62249
62257
62265
62273
62281
62289
62297
62305
62313
62321
62329
62337
62345
62353
62361
62369
62377
62385
62394
62400
62407
62413
62419
62424
62430
62437
62444
62451
62459
62466
62474
62482
62490
62498
62505
62510
62516
62522
62524
62529
62536
62543
62551
62559
62567
62575
62583
62591
62599
62606
62613
62620
62627
62632
62638
62644
62651
62654
62663
62670
62678
62686
62694
62702
62710
62718
62726
62734
62742
62750
62757
62764
62771
62779
62787
62795
62803
62811
62819
62827
62835
62843
62851
62859
62867
62875
62920
62928
62936
62944
62952
62960
62968
62976
62984
62992
63000
63008
63016
63024
63032
63040
63048
63056
63064
63072
63080
63088
63096
63104
63112
63120
63128
63136
63144
63152
63160
63168
63177
63185
63193
63200
63203
63210
63217
63222
63227
63230
63236
63242
63249
63254
63262
63270
63272
63273
63280
63287
63295
63300
63307
63313
63319
63323
63333
63340
63349
63356
63364
63372
63380
63388
63396
63404
63411
63418
63424
63430
63436
63441
63444
63450
63457
63463
63471
63479
63487
63495
63503
63511
63513
63521
63529
63537
63545
63553
63561
63569
63577
63584
63591
63598
63605
63607
63613
63621
63654
63662
63670
63678
63686
63694
63702
63710
63718
63726
63734
63742
63750
63758
63766
63774
63782
63790
63798
63806
63814
63822
63830
63838
63846
63854
63862
63867
63875
63883
63891
63899
63907
63915
63923
63931
63939
63947
63955
63963
63971
63978
63985
63992
63999
64006
64012
64020
64027
64034
64041
64045
64052
64061
64069
64077
64085
64093
64101
64108
64115
64122
64130
64137
64144
64151
64160
64165
64171
64179
64187
64195
64203
64211
64219
64225
64229
64236
64243
64250
64256
64266
64272
64281
64290
64298
64306
64314
64322
64330
64338
64346
64354
64362
64369
64376
64383
64392
64399
64407
64447
64455
64463
64471
64479
64487
64495
64503
64511
64519
64527
64535
64543
64551
64559
64567
64575
64583
64591
64599
64607
64615
64623
64631
64639
64647
64655
64663
64671
64679
64687
64695
64703
64711
64719
64727
64735
64743
64751
64759
64767
64774
64782
64789
64798
64810
64818
64825
64832
64839
64853
64861
64869
64877
64885
64890
64897
64904
64912
64920
64928
64935
64942
64949
64953
64964
64972
64980
64988
64996
65004
65012
65020
65028
65035
65042
65049
65055
65057
65067
65074
65081
65086
65092
65100
65108
65116
65124
65132
65140
65148
65156
65164
65172
65178
65185
65192
65200
65209
65217
65255
65263
65271
65279
65287
65295
65303
65311
65319
65327
65335
65343
65351
65359
65367
65375
65383
65391
65399
65407
65415
65423
65431
65439
65447
65455
65463
65471
65479
65487
65495
65503
65511
65519
65527
65535
65543
65551
65559
65566
65573
65580
65587
65595
65603
65611
65619
65627
65635
65641
65648
65655
65658
65667
65672
65678
65685
65692
65698
65704
65713
65721
65729
65736
65743
65751
65758
65766
65774
65782
65790
65798
65806
65814
65822
65830
65838
65846
65850
65855
65861
65867
65872
65878
65883
65888
65896
65904
65912
65920
65928
65936
65944
65952
65960
65968
65976
65984
65992
65999
66061
66069
66077
66086
66094
66102
66110
66118
66126
66134
66142
66150
66158
66166
66174
66182
66190
66198
66206
66214
66222
66230
66238
66246
66254
66262
66270
66278
66286
66294
66302
66310
66318
66326
66334
66342
66348
66355
66362
66369
66373
66380
66388
66396
66404
66412
66420
66428
66436
66443
66450
66456
66462
66469
66473
66477
66482
66491
66498
66503
66513
66520
66527
66535
66539
66547
66555
66563
66571
66579
66587
66595
66603
66611
66619
66627
66635
66643
66649
66655
66661
66667
66673
66684
66688
66696
66704
66712
66720
66728
66736
66744
66752
66760
66768
66776
66784
66792
66800
66808
66875
66883
66891
66899
66907
66915
66923
66931
66939
66947
66955
66963
66971
66979
66987
66995
67003
67011
67019
67027
67035
67043
67051
67059
67067
67075
67083
67091
67099
67107
67120
67128
67135
67142
67152
67161
67169
67177
67185
67193
67201
67209
67217
67225
67233
67241
67248
67255
67262
67267
67272
67278
67287
67291
67296
67298
67305
67312
67321
67331
67339
67347
67355
67363
67371
67379
67387
67395
67403
67411
67419
67427
67435
67446
67453
67459
67465
67473
67478
67485
67488
67498
67506
67514
67522
67530
67538
67546
67554
67562
67570
67578
67586
67594
67602
67610
67618
67625
67632
67639
67680
67685
67693
67701
67709
67717
67725
67733
67741
67749
67757
67765
67773
67781
67789
67797
67805
67813
67821
67829
67837
67845
67853
67861
67869
67877
67885
67893
67901
67909
67917
67925
67931
67938
67945
67954
67959
67967
67975
67983
67991
67999
68007
68015
68023
68031
68039
68046
68053
68061
68068
68077
68080
68087
68093
68099
68105
68112
68115
68120
68127
68135
68143
68151
68159
68167
68175
68183
68191
68199
68207
68215
68223
68231
68239
68247
68254
68263
68271
68277
68282
68286
68292
68299
68304
68316
68324
68332
68340
68348
68356
68364
68372
68380
68388
68396
68404
68412
68424
68431
68483
68491
68499
68507
68515
68523
68531
68539
68547
68555
68563
68571
68579
68587
68595
68603
68611
68619
68627
68635
68643
68651
68659
68667
68675
68683
68691
68698
68705
68712
68719
68725
68733
68741
68749
68757
68765
68773
68781
68789
68797
68805
68813
68819
68826
68833
68842
68850
68858
68866
68874
68881
68893
68899
68905
68914
68920
68924
68932
68940
68948
68956
68964
68972
68980
68988
68996
69004
69012
69020
69028
69036
69044
69052
69060
69067
69070
69076
69082
69088
69093
69096
69103
69110
69113
69125
69133
69141
69149
69157
69165
69173
69181
69189
69197
69205
69213
69221
69231
69238
69284
69292
69300
69308
69316
69324
69332
69340
69348
69356
69364
69372
69380
69388
69396
69404
69412
69420
69428
69436
69444
69452
69460
69468
69476
69483
69490
69497
69504
69506
69515
69523
69531
69539
69547
69555
69563
69571
69579
69587
69595
69603
69610
69617
69626
69635
69643
69651
69659
69667
69675
69683
69690
69697
69703
69709
69712
69718
69723
69730
69736
69743
69751
69759
69767
69775
69783
69791
69799
69807
69815
69823
69831
69839
69849
69856
69863
69870
69877
69883
69887
69892
69899
69906
69914
69924
69933
69941
69949
69957
69965
69973
69981
69989
69997
70005
70013
70021
70028
70035
70084
70092
70100
70108
70116
70124
70132
70140
70152
70160
70168
70176
70184
70192
70200
70208
70216
70224
70232
70240
70248
70256
70264
70272
70280
70288
70295
70302
70309
70316
70321
70328
70336
70344
70352
70360
70368
70376
70384
70392
70399
70406
70415
70421
70429
70437
70445
70453
70461
70469
70477
70485
70492
70500
70506
70512
70518
70524
70531
70544
70552
70560
70568
70576
70584
70592
70600
70608
70616
70624
70632
70640
70646
70653
70660
70667
70673
70679
70691
70698
