0
9
18
27
36
45
54
63
72
81
90
99
108
117
126
135
144
153
162
171
180
189
198
207
216
225
234
243
252
261
270
279
288
297
306
315
324
333
342
351
360
369
378
387
396
405
414
423
432
441
450
459
468
477
486
495
504
513
522
531
540
549
558
567
576
585
594
603
612
621
630
639
648
657
666
675
684
693
702
711
720
729
738
747
756
765
774
783
792
801
810
819
828
837
846
855
864
873
882
891
900
903
908
910
915
922
931
940
949
958
967
976
985
994
1003
1012
1021
1030
1039
1048
1057
1066
1075
1084
1093
1102
1111
1120
1129
1138
1147
1156
1165
1174
1183
1192
1201
1210
1219
1228
1237
1246
1255
1264
1273
1282
1291
1300
1309
1318
1327
1336
1345
1354
1363
1372
1381
1390
1399
1408
1417
1426
1435
1444
1453
1462
1471
1480
1489
1498
1507
1516
1525
1534
1543
1552
1561
1570
1579
1588
1597
1606
1615
1624
1633
1642
1651
1660
1669
1685
1694
1703
1712
1721
1730
1739
1748
1757
1766
1775
1803
1804
1810
1814
1821
1828
1837
1846
1855
1864
1873
1882
1891
1900
1909
1918
1927
1936
1945
1954
1963
1972
1981
1990
1999
2008
2017
2026
2035
2044
2053
2062
2071
2080
2089
2098
2107
2116
2125
2134
2143
2152
2161
2170
2179
2188
2197
2206
2215
2224
2233
2242
2251
2260
2269
2278
2287
2296
2305
2314
2323
2332
2341
2350
2359
2368
2377
2386
2395
2404
2413
2422
2431
2440
2449
2458
2467
2476
2485
2494
2503
2512
2521
2530
2539
2548
2557
2566
2575
2584
2593
2602
2611
2620
2629
2638
2647
2656
2665
2674
2703
2706
2712
2723
2728
2735
2750
2759
2768
2777
2786
2795
2804
2813
2822
2831
2840
2849
2858
2867
2876
2885
2894
2903
2912
2921
2930
2939
2948
2957
2966
2975
2984
2993
3002
3011
3020
3029
3038
3047
3056
3065
3074
3083
3092
3101
3110
3119
3128
3137
3146
3155
3164
3173
3182
3191
3200
3209
3218
3227
3236
3245
3254
3263
3272
3281
3290
3299
3308
3317
3326
3335
3344
3353
3362
3371
3380
3389
3398
3407
3416
3425
3434
3443
3452
3461
3468
3475
3484
3493
3502
3511
3520
3529
3538
3547
3556
3565
3573
3580
3606
3610
3613
3617
3620
3625
3628
3632
3639
3648
3657
3666
3675
3684
3693
3702
3711
3720
3729
3738
3747
3756
3765
3774
3783
3792
3801
3810
3819
3828
3837
3846
3855
3864
3873
3882
3891
3900
3909
3918
3927
3936
3945
3954
3963
3972
3981
3990
3999
4008
4017
4026
4035
4044
4053
4062
4071
4080
4089
4098
4107
4116
4125
4134
4143
4152
4161
4170
4179
4188
4197
4206
4215
4224
4233
4242
4251
4260
4269
4278
4287
4296
4305
4314
4323
4332
4341
4350
4359
4368
4377
4386
4395
4404
4413
4422
4431
4440
4449
4459
4499
4503
4509
4512
4517
4519
4530
4535
4546
4555
4564
4573
4582
4591
4600
4609
4618
4627
4636
4645
4654
4663
4672
4681
4690
4699
4708
4717
4726
4735
4744
4753
4762
4771
4780
4789
4798
4807
4816
4825
4834
4843
4852
4861
4870
4879
4888
4897
4906
4915
4924
4933
4942
4951
4960
4969
4978
4987
4996
5005
5014
5023
5032
5041
5050
5059
5068
5077
5086
5095
5104
5113
5122
5131
5140
5149
5158
5167
5176
5185
5194
5203
5212
5221
5230
5239
5248
5257
5266
5275
5284
5293
5302
5311
5319
5331
5341
5350
5359
5368
5409
5413
5421
5423
5438
5443
5450
5458
5467
5476
5485
5494
5503
5512
5521
5530
5539
5548
5557
5566
5575
5584
5593
5602
5611
5620
5629
5638
5647
5656
5665
5674
5683
5692
5701
5710
5719
5728
5737
5746
5755
5764
5773
5782
5791
5800
5809
5818
5827
5836
5845
5854
5863
5872
5881
5890
5899
5908
5917
5926
5935
5944
5953
5962
5971
5980
5989
5998
6007
6016
6025
6034
6043
6052
6061
6070
6079
6088
6097
6106
6115
6124
6133
6142
6151
6160
6169
6178
6186
6197
6206
6215
6224
6233
6242
6250
6261
6270
6279
6288
6335
6339
6343
6349
6353
6360
6363
6371
6375
6381
6389
6398
6407
6416
6425
6434
6443
6452
6461
6470
6479
6488
6497
6506
6515
6524
6533
6542
6551
6560
6569
6578
6587
6596
6605
6614
6623
6632
6641
6650
6659
6668
6677
6686
6695
6704
6713
6722
6731
6740
6749
6758
6767
6776
6785
6794
6803
6812
6821
6830
6839
6848
6857
6866
6875
6884
6893
6902
6911
6920
6929
6938
6947
6956
6965
6974
6983
6992
7001
7010
7019
7028
7037
7046
7057
7065
7071
7080
7089
7098
7107
7116
7125
7135
7143
7152
7160
7169
7176
7187
7223
7232
7240
7249
7257
7267
7272
7280
7283
7291
7295
7306
7315
7324
7333
7342
7351
7360
7369
7378
7387
7396
7405
7414
7423
7432
7441
7450
7459
7468
7477
7486
7495
7504
7513
7522
7531
7540
7549
7558
7567
7576
7585
7594
7603
7612
7621
7630
7639
7648
7657
7666
7675
7684
7693
7702
7711
7720
7729
7738
7747
7756
7765
7774
7783
7792
7801
7810
7819
7828
7837
7846
7855
7864
7873
7882
7891
7900
7909
7918
7927
7936
7944
7950
7958
7967
7976
7985
7994
8003
8012
8021
8030
8039
8047
8049
8059
8065
8073
8080
8123
8131
8143
8148
8157
8165
8177
8182
8191
8199
8208
8217
8226
8235
8244
8253
8262
8271
8280
8289
8298
8307
8316
8325
8334
8343
8352
8361
8370
8379
8388
8397
8406
8415
8424
8433
8442
8451
8460
8469
8478
8487
8496
8505
8514
8523
8532
8541
8550
8559
8568
8577
8586
8595
8604
8613
8622
8631
8640
8649
8658
8667
8676
8685
8694
8703
8712
8721
8730
8739
8748
8757
8766
8775
8784
8793
8802
8811
8819
8828
8839
8848
8857
8866
8875
8884
8893
8902
8911
8920
8929
8937
8948
8954
8962
8968
8976
8981
8994
9001
9030
9038
9043
9050
9054
9056
9060
9063
9070
9081
9090
9099
9108
9117
9126
9135
9143
9152
9161
9170
9179
9188
9197
9206
9215
9224
9233
9242
9251
9260
9269
9278
9287
9296
9305
9314
9323
9332
9341
9350
9359
9368
9377
9386
9395
9404
9412
9421
9430
9439
9448
9457
9466
9475
9484
9493
9502
9511
9520
9529
9538
9547
9556
9565
9574
9583
9592
9601
9610
9619
9628
9637
9646
9655
9664
9673
9682
9691
9700
9709
9718
9727
9736
9745
9754
9763
9772
9781
9790
9799
9807
9817
9823
9835
9843
9844
9853
9862
9871
9880
9912
9921
9929
9936
9940
9941
9942
9948
9955
9962
9976
9980
9991
10003
10012
10021
10030
10039
10048
10057
10066
10075
10084
10093
10102
10111
10120
10129
10138
10147
10156
10165
10174
10183
10192
10201
10210
10219
10228
10237
10246
10255
10264
10273
10282
10291
10300
10309
10318
10327
10336
10345
10354
10363
10372
10381
10390
10399
10408
10417
10426
10435
10444
10453
10462
10471
10480
10489
10498
10507
10516
10525
10534
10543
10552
10561
10570
10579
10588
10597
10606
10615
10624
10633
10642
10651
10660
10669
10678
10686
10693
10701
10709
10717
10730
10738
10746
10753
10762
10771
10797
10806
10815
10824
10832
10838
10843
10848
10853
10864
10870
10878
10885
10895
10903
10910
10919
10928
10937
10946
10955
10964
10973
10982
10991
11000
11009
11018
11027
11036
11045
11054
11063
11072
11081
11090
11099
11108
11117
11126
11135
11144
11153
11162
11171
11180
11189
11198
11207
11216
11225
11234
11243
11252
11261
11270
11279
11288
11297
11306
11315
11324
11333
11342
11351
11360
11369
11378
11387
11396
11405
11414
11423
11432
11441
11450
11459
11468
11477
11486
11495
11504
11513
11522
11531
11540
11549
11558
11567
11575
11582
11589
11596
11602
11610
11621
11629
11637
11645
11654
11689
11698
11707
11716
11729
11736
11745
11752
11761
11769
11776
11781
11789
11796
11803
11809
11817
11826
11835
11844
11853
11862
11871
11880
11889
11898
11907
11916
11925
11934
11943
11952
11961
11970
11979
11988
11997
12006
12015
12024
12033
12042
12051
12060
12069
12078
12087
12096
12105
12114
12123
12132
12141
12150
12159
12168
12177
12186
12195
12204
12213
12222
12231
12240
12249
12258
12267
12276
12285
12294
12303
12312
12321
12330
12339
12348
12357
12366
12375
12384
12393
12402
12411
12420
12429
12438
12447
12456
12465
12473
12481
12490
12497
12503
12513
12521
12529
12536
12543
12552
12577
12586
12595
12603
12614
12623
12632
12641
12649
12657
12663
12671
12680
12689
12698
12706
12714
12722
12726
12736
12745
12754
12763
12772
12781
12790
12799
12808
12817
12826
12835
12844
12853
12862
12871
12880
12889
12898
12907
12916
12925
12934
12943
12952
12961
12970
12979
12988
12997
13006
13015
13024
13033
13042
13051
13060
13069
13078
13087
13096
13106
13115
13124
13133
13142
13151
13160
13169
13178
13187
13196
13205
13214
13223
13232
13241
13250
13259
13268
13277
13286
13295
13304
13313
13322
13331
13340
13349
13358
13367
13375
13383
13390
13400
13408
13415
13422
13429
13437
13445
13483
13491
13503
13514
13523
13532
13541
13549
13556
13561
13574
13583
13591
13597
13600
13612
13620
13629
13638
13647
13656
13665
13674
13683
13692
13701
13710
13719
13728
13737
13746
13755
13764
13773
13782
13791
13800
13809
13818
13827
13836
13845
13854
13863
13872
13881
13890
13899
13908
13917
13926
13935
13944
13953
13962
13971
13980
13989
13998
14007
14016
14025
14034
14043
14052
14061
14070
14079
14088
14097
14106
14115
14124
14133
14142
14151
14160
14169
14178
14187
14196
14205
14214
14223
14232
14241
14250
14259
14267
14275
14283
14292
14301
14309
14317
14330
14341
14347
14355
14364
14404
14413
14418
14427
14435
14442
14449
14456
14465
14471
14477
14486
14490
14500
14508
14516
14523
14530
14539
14548
14557
14566
14575
14584
14593
14602
14611
14620
14629
14638
14647
14656
14665
14674
14683
14692
14701
14710
14719
14728
14737
14746
14755
14764
14773
14782
14791
14800
14809
14818
14827
14836
14845
14854
14863
14872
14881
14890
14899
14908
14917
14926
14935
14944
14953
14962
14971
14980
14989
14998
15007
15016
15025
15034
15043
15052
15061
15070
15079
15088
15097
15106
15115
15124
15133
15142
15150
15158
15161
15171
15180
15189
15197
15204
15211
15220
15229
15238
15247
15255
15295
15304
15312
15319
15328
15336
15344
15351
15361
15369
15378
15382
15393
15400
15410
15418
15426
15439
15447
15456
15465
15474
15483
15492
15501
15510
15519
15528
15537
15546
15555
15564
15573
15582
15591
15600
15609
15618
15627
15636
15645
15654
15663
15672
15681
15690
15699
15708
15717
15726
15735
15744
15753
15762
15771
15780
15789
15798
15807
15816
15825
15834
15843
15852
15861
15870
15879
15888
15897
15906
15915
15924
15933
15942
15951
15960
15969
15978
15987
15996
16005
16014
16023
16031
16039
16047
16056
16065
16074
16083
16091
16098
16107
16116
16125
16133
16140
16147
16156
16165
16199
16207
16215
16223
16230
16238
16246
16254
16262
16269
16278
16288
16296
16304
16311
16318
16325
16332
16346
16355
16364
16373
16382
16391
16400
16409
16418
16427
16436
16445
16454
16463
16472
16481
16490
16499
16508
16517
16526
16535
16544
16553
16562
16571
16580
16589
16598
16607
16616
16625
16634
16643
16652
16661
16670
16679
16688
16697
16706
16715
16724
16733
16742
16751
16760
16769
16778
16787
16796
16805
16814
16823
16832
16841
16850
16859
16868
16877
16886
16895
16904
16912
16920
16925
16933
16941
16950
16959
16968
16977
16985
16995
17005
17014
17023
17031
17039
17048
17057
17066
17095
17104
17112
17116
17123
17132
17141
17150
17158
17165
17170
17176
17182
17194
17202
17210
17218
17224
17230
17241
17250
17259
17268
17277
17286
17295
17304
17313
17322
17331
17340
17349
17358
17367
17376
17385
17394
17403
17412
17421
17430
17439
17448
17457
17466
17475
17484
17493
17502
17511
17520
17529
17538
17547
17556
17565
17574
17583
17592
17601
17610
17619
17628
17637
17646
17655
17664
17673
17682
17691
17700
17709
17718
17727
17736
17745
17754
17763
17772
17781
17790
17798
17806
17814
17822
17831
17840
17849
17858
17867
17876
17884
17895
17904
17913
17921
17927
17936
17945
17954
17983
17992
17998
18006
18014
18022
18031
18040
18048
18056
18065
18074
18083
18091
18097
18105
18114
18123
18131
18138
18142
18146
18156
18160
18169
18178
18187
18196
18205
18214
18223
18232
18241
18250
18259
18268
18277
18286
18295
18304
18313
18322
18331
18340
18349
18358
18367
18376
18385
18394
18403
18412
18421
18430
18439
18448
18457
18466
18475
18484
18493
18502
18511
18520
18529
18538
18547
18556
18565
18574
18583
18592
18601
18610
18619
18628
18637
18646
18655
18664
18673
18682
18691
18701
18710
18719
18728
18737
18746
18755
18764
18772
18783
18792
18801
18809
18817
18824
18833
18842
18877
18886
18895
18903
18911
18919
18928
18937
18945
18953
18965
18976
18985
18996
19004
19013
19022
19031
19039
19049
19061
19069
19077
19088
19095
19104
19113
19122
19131
19140
19149
19158
19167
19176
19185
19194
19203
19212
19221
19230
19239
19248
19257
19266
19275
19284
19293
19302
19311
19320
19329
19338
19347
19356
19365
19374
19383
19392
19401
19410
19419
19428
19437
19446
19455
19464
19473
19482
19491
19500
19509
19518
19527
19536
19545
19554
19563
19572
19580
19588
19596
19601
19610
19619
19628
19637
19646
19654
19658
19668
19677
19686
19697
19705
19716
19725
19734
19743
19752
19761
19794
19803
19811
19822
19831
19840
19849
19858
19866
19875
19881
19888
19898
19907
19915
19923
19933
19940
19949
19958
19967
19975
19982
19990
19999
20008
20017
20026
20035
20044
20053
20062
20071
20080
20089
20098
20107
20116
20125
20134
20143
20152
20161
20170
20179
20188
20197
20206
20215
20224
20233
20242
20251
20260
20269
20278
20287
20296
20305
20314
20323
20332
20341
20350
20359
20368
20377
20386
20395
20404
20413
20422
20431
20440
20449
20458
20467
20476
20485
20493
20507
20516
20525
20534
20542
20550
20558
20567
20576
20585
20594
20603
20613
20621
20635
20643
20652
20661
20670
20679
20692
20700
20708
20715
20721
20730
20739
20747
20754
20762
20771
20780
20789
20798
20806
20814
20824
20833
20842
20851
20860
20869
20877
20886
20893
20900
20909
20918
20927
20936
20945
20954
20963
20972
20981
20990
20999
21008
21017
21026
21035
21044
21053
21062
21071
21080
21089
21098
21107
21116
21125
21134
21143
21152
21161
21170
21179
21188
21197
21206
21215
21224
21233
21242
21251
21260
21269
21278
21287
21296
21305
21314
21323
21332
21341
21350
21359
21368
21377
21386
21394
21403
21412
21421
21430
21438
21453
21462
21471
21480
21489
21498
21507
21516
21525
21533
21541
21547
21558
21567
21596
21604
21612
21619
21627
21636
21644
21652
21658
21666
21674
21682
21690
21697
21704
21711
21719
21725
21732
21741
21750
21759
21767
21775
21783
21790
21799
21808
21817
21826
21835
21844
21853
21862
21871
21880
21889
21898
21907
21916
21925
21934
21943
21952
21961
21970
21979
21988
21997
22006
22015
22024
22033
22042
22051
22060
22069
22078
22087
22096
22105
22114
22123
22132
22141
22150
22159
22168
22177
22186
22195
22204
22213
22222
22231
22240
22249
22258
22267
22275
22284
22294
22303
22312
22321
22330
22338
22345
22352
22361
22370
22379
22388
22397
22406
22415
22424
22433
22441
22451
22489
22495
22503
22511
22518
22526
22535
22543
22551
22559
22568
22577
22586
22595
22604
22612
22616
22622
22629
22639
22648
22657
22666
22675
22683
22692
22700
22709
22718
22727
22736
22745
22754
22763
22772
22781
22790
22799
22808
22817
22826
22835
22844
22853
22862
22871
22880
22889
22898
22907
22916
22925
22934
22943
22952
22961
22970
22979
22988
22997
23006
23015
23024
23033
23042
23051
23060
23069
23078
23087
23096
23105
23114
23123
23132
23141
23150
23159
23167
23175
23181
23190
23199
23208
23217
23226
23235
23243
23253
23262
23271
23280
23289
23298
23307
23316
23325
23334
23342
23350
23397
23405
23413
23424
23433
23441
23449
23457
23466
23475
23484
23493
23501
23517
23525
23533
23541
23546
23554
23562
23570
23576
23584
23593
23602
23611
23620
23629
23638
23647
23656
23665
23674
23683
23692
23701
23710
23719
23728
23737
23746
23755
23764
23773
23782
23791
23800
23809
23818
23827
23836
23845
23854
23863
23872
23881
23890
23899
23908
23917
23926
23935
23944
23953
23962
23971
23980
23989
23998
24007
24016
24025
24034
24043
24052
24061
24069
24077
24084
24093
24102
24111
24119
24127
24136
24145
24154
24163
24172
24181
24190
24199
24208
24217
24226
24235
24244
24252
24260
24268
24305
24318
24327
24336
24345
24353
24362
24372
24382
24390
24402
24410
24419
24428
24436
24441
24448
24458
24466
24475
24486
24495
24504
24513
24522
24531
24540
24549
24558
24567
24576
24585
24594
24603
24612
24621
24630
24639
24648
24657
24666
24675
24684
24693
24702
24711
24720
24729
24738
24747
24756
24765
24774
24783
24792
24801
24810
24819
24828
24837
24846
24855
24864
24873
24882
24891
24900
24909
24918
24927
24936
24945
24954
24962
24969
24976
24985
24994
25003
25011
25021
25029
25038
25047
25056
25065
25074
25083
25092
25101
25110
25119
25128
25137
25146
25154
25162
25170
25180
25189
25218
25226
25232
25240
25248
25256
25264
25270
25274
25286
25294
25299
25307
25316
25324
25331
25342
25351
25359
25365
25372
25379
25388
25397
25406
25415
25424
25433
25442
25451
25460
25469
25478
25487
25496
25505
25514
25523
25532
25541
25550
25559
25568
25577
25586
25595
25604
25613
25622
25631
25640
25649
25658
25667
25676
25685
25694
25703
25712
25721
25730
25739
25748
25757
25766
25775
25784
25793
25802
25811
25820
25829
25838
25846
25861
25870
25879
25888
25897
25905
25913
25921
25930
25939
25948
25957
25966
25975
25984
25993
26002
26011
26020
26029
26038
26047
26056
26066
26074
26082
26128
26137
26146
26155
26164
26173
26181
26190
26198
26207
26215
26223
26231
26240
26248
26256
26265
26274
26283
26292
26301
26310
26319
26328
26337
26346
26355
26364
26373
26382
26391
26400
26409
26418
26427
26436
26445
26454
26463
26472
26481
26490
26499
26508
26517
26526
26535
26544
26553
26562
26571
26580
26589
26598
26607
26616
26625
26634
26643
26652
26661
26670
26679
26688
26697
26706
26715
26724
26733
26742
26751
26759
26766
26775
26784
26793
26801
26808
26817
26826
26835
26844
26853
26862
26871
26880
26889
26898
26907
26916
26925
26934
26943
26952
26961
26970
26978
26986
26993
27002
27031
27038
27045
27049
27057
27064
27071
27074
27082
27094
27103
27111
27119
27127
27135
27144
27153
27161
27171
27178
27187
27196
27205
27214
27223
27232
27241
27250
27259
27268
27277
27286
27295
27304
27313
27322
27331
27340
27349
27358
27367
27376
27385
27394
27403
27412
27421
27430
27439
27448
27457
27466
27475
27484
27493
27502
27511
27520
27529
27538
27547
27556
27565
27574
27583
27592
27601
27610
27619
27628
27637
27644
27652
27660
27669
27678
27687
27695
27703
27711
27720
27729
27738
27747
27756
27765
27774
27783
27792
27801
27810
27819
27828
27837
27846
27855
27864
27873
27885
27893
27932
27939
27948
27955
27961
27972
27981
27986
27994
28001
28007
28015
28023
28032
28040
28052
28061
28070
28079
28088
28097
28106
28115
28124
28133
28142
28151
28160
28169
28178
28187
28196
28205
28214
28223
28232
28241
28250
28259
28268
28277
28286
28295
28304
28313
28322
28331
28340
28349
28358
28367
28376
28385
28394
28403
28412
28421
28430
28439
28448
28457
28466
28475
28484
28493
28502
28511
28520
28529
28538
28545
28553
28559
28567
28574
28581
28590
28597
28604
28613
28622
28631
28640
28649
28658
28667
28676
28685
28694
28703
28712
28721
28730
28739
28748
28757
28766
28775
28783
28790
28838
28846
28853
28859
28868
28875
28881
28888
28892
28902
28909
28917
28926
28935
28944
28952
28961
28975
28984
28993
29002
29011
29020
29029
29038
29047
29056
29065
29074
29083
29092
29101
29110
29119
29128
29137
29146
29155
29164
29173
29182
29191
29200
29209
29218
29227
29236
29245
29254
29263
29272
29281
29290
29299
29308
29317
29326
29335
29344
29353
29362
29371
29380
29389
29398
29407
29416
29425
29434
29442
29450
29460
29467
29475
29483
29497
29506
29515
29524
29533
29542
29551
29560
29569
29578
29587
29596
29605
29614
29623
29632
29641
29650
29660
29668
29675
29684
29693
29702
29711
29746
29754
29761
29767
29771
29779
29787
29801
29808
29817
29822
29830
29834
29841
29847
29855
29863
29872
29881
29890
29899
29908
29917
29926
29935
29944
29953
29962
29971
29980
29989
29998
30007
30016
30025
30034
30043
30052
30061
30070
30079
30088
30097
30106
30115
30124
30133
30142
30151
30160
30169
30178
30187
30196
30205
30214
30223
30232
30241
30250
30259
30268
30277
30286
30295
30304
30312
30320
30332
30340
30349
30358
30367
30376
30385
30393
30401
30407
30416
30425
30434
30443
30452
30461
30470
30479
30488
30497
30506
30515
30524
30533
30542
30550
30558
30571
30580
30589
30598
30607
30642
30650
30657
30664
30676
30687
30693
30702
30710
30718
30727
30732
30739
30744
30749
30755
30760
30768
30777
30786
30795
30804
30813
30822
30831
30840
30849
30858
30867
30876
30885
30894
30903
30912
30921
30930
30939
30948
30957
30966
30975
30984
30993
31002
31011
31020
31029
31038
31047
31056
31065
31074
31083
31092
31101
31110
31119
31128
31137
31146
31155
31164
31173
31182
31191
31200
31208
31216
31226
31235
31244
31253
31262
31270
31278
31282
31295
31304
31313
31322
31331
31340
31349
31358
31367
31376
31385
31394
31403
31412
31421
31430
31438
31443
31452
31461
31470
31479
31488
31497
31526
31535
31544
31552
31561
31569
31577
31585
31593
31601
31608
31615
31623
31629
31635
31638
31646
31652
31657
31664
31673
31682
31691
31700
31709
31718
31727
31736
31745
31754
31763
31772
31781
31790
31799
31808
31817
31826
31835
31844
31853
31862
31871
31880
31889
31898
31907
31916
31925
31934
31943
31952
31961
31970
31979
31988
31997
32006
32015
32024
32033
32042
32051
32060
32069
32078
32087
32096
32105
32115
32124
32133
32142
32150
32158
32162
32168
32177
32186
32195
32204
32213
32222
32231
32240
32249
32258
32267
32276
32285
32294
32303
32312
32321
32329
32337
32340
32347
32356
32365
32393
32402
32411
32420
32429
32438
32447
32455
32471
32480
32489
32498
32508
32516
32530
32539
32545
32547
32554
32560
32570
32576
32591
32599
32608
32617
32626
32635
32644
32653
32662
32671
32680
32689
32698
32707
32716
32725
32734
32743
32752
32761
32770
32779
32788
32797
32806
32815
32824
32833
32842
32851
32860
32869
32878
32887
32896
32905
32914
32923
32932
32941
32950
32959
32968
32976
32984
32993
33002
33011
33020
33029
33038
33046
33052
33059
33068
33077
33086
33095
33104
33113
33122
33131
33140
33149
33158
33167
33176
33185
33194
33202
33210
33216
33228
33237
33246
33255
33264
33273
33310
33319
33328
33337
33345
33355
33363
33372
33381
33390
33399
33408
33417
33425
33432
33438
33448
33455
33466
33472
33479
33484
33497
33507
33515
33524
33533
33542
33551
33560
33569
33578
33587
33596
33605
33614
33623
33632
33641
33650
33659
33668
33677
33686
33695
33704
33713
33722
33731
33740
33749
33758
33767
33776
33785
33794
33803
33812
33821
33830
33839
33848
33857
33865
33873
33876
33885
33894
33903
33912
33921
33929
33943
33951
33960
33969
33978
33987
33996
34005
34014
34023
34032
34041
34050
34059
34068
34077
34086
34095
34104
34112
34120
34126
34135
34144
34153
34162
34171
34180
34209
34218
34226
34234
34237
34248
34257
34266
34275
34284
34293
34302
34311
34319
34326
34332
34340
34348
34358
34367
34376
34384
34392
34396
34403
34411
34419
34429
34438
34447
34456
34465
34474
34483
34492
34501
34510
34519
34528
34537
34546
34555
34564
34573
34582
34591
34600
34609
34618
34627
34636
34645
34654
34663
34672
34681
34690
34699
34708
34717
34726
34735
34744
34753
34761
34769
34778
34787
34796
34805
34814
34823
34831
34839
34846
34855
34864
34873
34882
34891
34900
34909
34918
34927
34936
34945
34954
34963
34972
34981
34990
34999
35008
35016
35024
35029
35038
35047
35056
35065
35102
35111
35119
35132
35142
35151
35160
35169
35178
35187
35196
35204
35212
35224
35234
35242
35250
35259
35268
35276
35284
35291
35302
35310
35318
35326
35331
35338
35347
35356
35365
35374
35383
35392
35401
35410
35419
35428
35437
35446
35455
35464
35473
35482
35491
35500
35509
35518
35527
35536
35545
35554
35563
35572
35581
35590
35599
35608
35617
35626
35635
35644
35653
35662
35670
35673
35683
35692
35701
35710
35719
35727
35734
35742
35751
35760
35769
35778
35787
35796
35805
35814
35823
35832
35841
35850
35859
35868
35877
35886
35895
35904
35912
35917
35923
35932
35941
35950
35959
35968
35997
36006
36016
36024
36037
36045
36054
36063
36072
36081
36090
36099
36107
36120
36129
36138
36147
36155
36162
36173
36183
36190
36196
36199
36204
36210
36215
36222
36231
36240
36249
36258
36267
36276
36285
36294
36303
36312
36321
36330
36339
36348
36357
36366
36375
36384
36393
36402
36411
36420
36429
36438
36447
36456
36465
36474
36483
36492
36501
36510
36519
36528
36537
36546
36554
36560
36568
36577
36586
36595
36604
36613
36622
36631
36640
36649
36658
36667
36676
36685
36694
36703
36712
36721
36730
36739
36748
36757
36766
36775
36784
36793
36802
36810
36818
36825
36832
36841
36850
36859
36890
36899
36908
36917
36926
36935
36944
36951
36959
36965
36973
36982
36991
37000
37009
37017
37025
37033
37039
37048
37057
37065
37073
37078
37088
37093
37102
37109
37116
37124
37129
37137
37146
37155
37164
37173
37182
37191
37200
37209
37218
37227
37236
37245
37254
37263
37272
37281
37290
37299
37308
37317
37326
37335
37344
37353
37362
37371
37380
37389
37398
37407
37416
37425
37434
37443
37451
37458
37475
37484
37493
37501
37508
37517
37526
37535
37544
37553
37562
37571
37580
37589
37598
37607
37616
37625
37634
37643
37652
37661
37670
37679
37688
37697
37706
37714
37722
37728
37735
37744
37781
37790
37799
37808
37817
37826
37835
37844
37852
37860
37865
37872
37881
37890
37899
37908
37919
37927
37935
37942
37950
37958
37965
37972
37981
37987
37995
37997
38008
38016
38024
38032
38040
38047
38056
38065
38074
38083
38092
38101
38110
38119
38128
38137
38146
38155
38164
38173
38182
38191
38200
38209
38218
38227
38236
38245
38254
38263
38272
38281
38290
38299
38308
38317
38326
38335
38344
38353
38361
38372
38381
38390
38398
38406
38413
38422
38431
38440
38449
38458
38467
38476
38485
38494
38503
38512
38521
38530
38539
38548
38557
38566
38575
38584
38593
38601
38609
38617
38626
38635
38665
38674
38683
38692
38701
38710
38719
38728
38736
38743
38750
38759
38768
38777
38786
38795
38804
38813
38822
38831
38839
38847
38856
38865
38873
38881
38888
38894
38900
38916
38924
38931
38940
38949
38958
38967
38976
38985
38994
39003
39012
39021
39030
39039
39048
39057
39066
39075
39084
39093
39102
39111
39120
39129
39138
39147
39156
39165
39174
39183
39192
39201
39210
39219
39228
39237
39245
39253
39260
39268
39277
39285
39293
39297
39308
39317
39326
39335
39344
39353
39362
39371
39380
39389
39398
39407
39416
39425
39434
39443
39452
39461
39470
39479
39488
39497
39504
39512
39520
39526
39568
39577
39586
39595
39604
39612
39620
39627
39635
39644
39653
39662
39671
39680
39689
39698
39707
39716
39725
39734
39743
39751
39759
39765
39774
39783
39791
39799
39806
39813
39820
39827
39834
39841
39850
39857
39861
39871
39880
39889
39898
39907
39916
39925
39934
39943
39952
39961
39970
39979
39988
39997
40006
40015
40024
40033
40042
40051
40060
40069
40078
40087
40096
40105
40114
40123
40132
40140
40148
40160
40169
40179
40189
40198
40207
40216
40225
40234
40243
40252
40261
40270
40279
40288
40297
40306
40315
40324
40333
40342
40351
40360
40369
40378
40387
40396
40404
40415
40424
40433
40457
40466
40475
40484
40493
40503
40511
40520
40526
40535
40544
40553
40562
40571
40580
40589
40598
40607
40616
40627
40635
40643
40651
40656
40664
40673
40682
40691
40699
40708
40714
40721
40729
40736
40741
40747
40752
40757
40765
40774
40783
40792
40801
40810
40819
40828
40837
40846
40855
40864
40873
40882
40891
40900
40909
40918
40927
40936
40945
40954
40963
40972
40981
40990
40999
41008
41017
41026
41035
41043
41054
41058
41063
41071
41079
41086
41093
41102
41111
41120
41129
41138
41147
41156
41165
41174
41183
41192
41201
41210
41219
41228
41237
41246
41255
41264
41273
41282
41291
41300
41350
41359
41368
41377
41386
41394
41402
41415
41420
41429
41438
41447
41456
41465
41474
41483
41492
41501
41510
41519
41528
41537
41546
41555
41563
41571
41577
41585
41593
41599
41606
41611
41619
41631
41635
41643
41652
41661
41670
41679
41688
41697
41706
41715
41724
41733
41742
41751
41760
41769
41778
41787
41796
41805
41814
41823
41832
41841
41850
41859
41868
41877
41886
41895
41904
41913
41922
41931
41939
41949
41958
41967
41977
41987
41996
42005
42014
42023
42032
42041
42050
42059
42068
42077
42086
42095
42104
42113
42122
42131
42140
42149
42158
42167
42176
42185
42194
42203
42211
42222
42268
42277
42286
42294
42302
42310
42320
42327
42336
42345
42354
42363
42372
42381
42390
42399
42408
42417
42426
42435
42442
42450
42456
42464
42473
42482
42490
42498
42506
42513
42521
42525
42533
42538
42544
42549
42557
42565
42575
42584
42593
42602
42611
42620
42629
42638
42647
42656
42665
42674
42683
42692
42701
42710
42719
42728
42737
42746
42755
42764
42773
42782
42791
42800
42809
42818
42827
42835
42843
42851
42859
42868
42876
42884
42895
42904
42913
42922
42931
42940
42949
42958
42967
42976
42985
42994
43003
43012
43021
43030
43039
43048
43057
43066
43075
43083
43090
43098
43105
43113
43152
43161
43170
43179
43188
43196
43204
43207
43216
43225
43234
43243
43252
43261
43270
43279
43288
43297
43306
43314
43322
43331
43341
43350
43359
43368
43377
43386
43395
43403
43411
43419
43428
43437
43445
43452
43461
43471
43476
43486
43495
43504
43513
43522
43531
43540
43549
43558
43567
43576
43585
43594
43603
43612
43621
43630
43639
43648
43657
43666
43675
43684
43693
43702
43711
43720
43729
43738
43746
43754
43761
43767
43775
43783
43790
43799
43808
43817
43826
43835
43844
43853
43862
43871
43880
43889
43898
43907
43916
43925
43934
43943
43952
43961
43970
43979
43987
43995
44001
44008
44051
44060
44069
44077
44085
44091
44100
44109
44118
44127
44136
44145
44154
44163
44172
44181
44191
44199
44207
44215
44223
44232
44241
44250
44259
44268
44277
44286
44294
44301
44308
44316
44325
44334
44343
44351
44359
44366
44379
44387
44396
44405
44414
44423
44432
44441
44450
44459
44468
44477
44486
44495
44504
44513
44522
44531
44540
44549
44558
44567
44576
44585
44594
44603
44612
44621
44630
44638
44646
44653
44663
44667
44675
44683
44690
44703
44712
44721
44730
44739
44748
44757
44766
44775
44784
44793
44802
44811
44820
44829
44838
44847
44856
44865
44874
44882
44890
44899
44908
44917
44957
44966
44975
44983
44991
45003
45011
45020
45029
45038
45047
45056
45065
45074
45083
45092
45101
45109
45117
45124
45132
45141
45150
45159
45168
45177
45186
45194
45203
45209
45214
45219
45228
45237
45246
45254
45262
45269
45275
45286
45294
45307
45316
45325
45334
45343
45352
45361
45370
45379
45388
45397
45406
45415
45424
45433
45442
45451
45460
45469
45478
45487
45496
45505
45514
45523
45532
45541
45549
45557
45565
45576
45586
45594
45601
45609
45617
45626
45635
45644
45653
45662
45671
45680
45689
45698
45707
45716
45725
45734
45743
45752
45760
45768
45775
45784
45793
45802
45811
45820
45860
45869
45878
45887
45895
45903
45910
45918
45926
45935
45944
45953
45962
45971
45980
45989
45998
46006
46014
46021
46029
46038
46047
46056
46065
46073
46081
46085
46095
46104
46113
46122
46131
46139
46147
46158
46168
46176
46184
46192
46199
46209
46218
46227
46236
46245
46254
46263
46272
46281
46290
46299
46308
46317
46326
46335
46344
46353
46362
46371
46380
46389
46398
46407
46416
46425
46434
46443
46452
46460
46468
46476
46480
46488
46496
46505
46513
46520
46528
46537
46546
46555
46564
46573
46582
46591
46600
46609
46618
46627
46636
46645
46653
46666
46673
46682
46691
46700
46709
46718
46751
46760
46769
46778
46787
46796
46805
46813
46822
46827
46836
46845
46854
46863
46872
46881
46890
46899
46908
46916
46924
46932
46939
46948
46957
46965
46973
46980
46993
47002
47011
47019
47027
47036
47040
47046
47055
47064
47073
47082
47090
47098
47105
47113
47122
47131
47140
47149
47158
47167
47176
47185
47194
47203
47212
47221
47230
47239
47248
47257
47266
47275
47284
47293
47302
47311
47320
47329
47338
47347
47356
47363
47371
47379
47382
47395
47403
47411
47419
47424
47432
47441
47450
47459
47468
47477
47486
47495
47504
47513
47522
47531
47540
47549
47557
47566
47571
47579
47588
47597
47636
47645
47654
47663
47672
47681
47690
47699
47707
47715
47729
47737
47746
47755
47764
47773
47782
47791
47800
47808
47816
47822
47830
47840
47849
47857
47865
47871
47878
47887
47896
47905
47913
47921
47931
47936
47945
47954
47963
47972
47981
47990
47999
48007
48015
48023
48029
48034
48043
48052
48061
48070
48079
48088
48097
48106
48115
48124
48133
48142
48151
48160
48169
48178
48187
48196
48205
48214
48223
48232
48241
48250
48259
48268
48276
48284
48295
48300
48309
48317
48325
48333
48337
48347
48356
48365
48374
48383
48392
48401
48410
48419
48428
48437
48445
48453
48459
48468
48477
48486
48526
48535
48544
48553
48562
48571
48580
48589
48598
48607
48615
48623
48631
48638
48647
48656
48665
48674
48683
48692
48701
48710
48719
48728
48737
48746
48754
48762
48769
48776
48785
48794
48802
48810
48818
48826
48836
48845
48854
48863
48872
48881
48890
48900
48908
48916
48924
48933
48942
48951
48960
48969
48978
48987
48996
49005
49014
49023
49032
49041
49050
49059
49068
49077
49086
49095
49104
49113
49122
49131
49140
49149
49158
49167
49176
49184
49192
49201
49210
49219
49228
49236
49244
49257
49265
49274
49283
49292
49301
49310
49319
49328
49337
49345
49353
49360
49369
49378
49387
49396
49431
49440
49449
49458
49467
49476
49485
49494
49503
49511
49519
49523
49534
49543
49552
49561
49570
49579
49587
49595
49603
49609
49615
49624
49633
49642
49651
49660
49668
49676
49689
49697
49706
49715
49723
49731
49739
49747
49755
49764
49773
49782
49794
49802
49810
49816
49826
49835
49844
49853
49862
49871
49880
49889
49898
49907
49916
49925
49934
49943
49952
49961
49970
49979
49988
49997
50006
50015
50024
50033
50042
50051
50060
50068
50076
50084
50091
50099
50108
50117
50126
50134
50142
50150
50159
50168
50177
50186
50195
50204
50213
50222
50232
50240
50248
50255
50262
50271
50280
50289
50334
50343
50352
50361
50370
50379
50388
50396
50404
50411
50420
50429
50438
50447
50456
50465
50474
50483
50491
50499
50507
50515
50524
50533
50542
50551
50560
50568
50576
50587
50596
50605
50614
50623
50631
50639
50645
50653
50662
50671
50680
50689
50698
50706
50714
50722
50729
50737
50746
50755
50764
50773
50782
50791
50800
50809
50818
50827
50836
50845
50854
50863
50872
50881
50890
50899
50908
50917
50926
50935
50944
50953
50963
50971
50979
50987
50994
51003
51012
51021
51030
51038
51046
51049
51056
51065
51074
51083
51092
51101
51110
51119
51128
51136
51144
51149
51157
51166
51175
51184
51223
51229
51237
51245
51253
51260
51269
51278
51287
51295
51303
51311
51318
51325
51334
51343
51352
51361
51370
51379
51388
51397
51405
51413
51421
51431
51440
51449
51458
51466
51474
51482
51490
51498
51507
51516
51525
51534
51542
51550
51558
51561
51568
51577
51587
51595
51603
51611
51618
51627
51636
51645
51654
51663
51672
51681
51690
51699
51708
51717
51726
51735
51744
51753
51762
51771
51780
51789
51798
51807
51816
51825
51834
51843
51852
51861
51870
51878
51886
51894
51897
51905
51914
51923
51931
51940
51944
51957
51966
51975
51984
51993
52002
52011
52020
52029
52037
52045
52052
52060
52108
52117
52126
52135
52144
52153
52162
52171
52180
52189
52197
52206
52214
52227
52237
52246
52255
52264
52273
52282
52291
52299
52307
52315
52322
52328
52337
52346
52355
52364
52373
52381
52391
52399
52408
52417
52426
52435
52443
52451
52459
52467
52474
52482
52490
52498
52506
52515
52524
52533
52542
52551
52560
52569
52578
52587
52596
52605
52614
52623
52632
52641
52650
52659
52668
52677
52686
52695
52704
52713
52722
52731
52740
52749
52758
52766
52774
52782
52790
52799
52808
52817
52825
52833
52839
52842
52851
52860
52869
52878
52887
52896
52905
52914
52923
52932
52941
52949
52957
52965
52989
52998
53007
53016
53025
53034
53043
53052
53061
53070
53079
53088
53097
53106
53114
53122
53130
53141
53148
53157
53166
53175
53184
53193
53202
53211
53219
53227
53243
53253
53261
53269
53278
53283
53293
53302
53311
53320
53329
53338
53347
53355
53363
53373
53385
53393
53401
53414
53422
53431
53440
53449
53458
53467
53476
53485
53494
53503
53512
53521
53530
53539
53548
53557
53566
53575
53584
53593
53602
53611
53620
53629
53638
53647
53656
53665
53672
53680
53692
53701
53709
53717
53725
53733
53747
53756
53765
53774
53783
53792
53801
53810
53819
53828
53838
53846
53854
53863
53872
53881
53922
53931
53940
53949
53958
53967
53976
53985
53994
54003
54012
54021
54029
54037
54044
54054
54063
54072
54080
54088
54096
54103
54111
54120
54129
54138
54147
54155
54163
54175
54184
54193
54202
54211
54220
54229
54240
54248
54256
54266
54274
54283
54291
54299
54310
54319
54328
54337
54346
54355
54364
54373
54382
54391
54400
54409
54418
54427
54436
54445
54454
54463
54472
54481
54490
54499
54508
54517
54526
54535
54544
54553
54562
54571
54579
54587
54598
54603
54611
54621
54629
54638
54644
54648
54657
54666
54675
54684
54693
54702
54711
54720
54729
54738
54746
54754
54762
54773
54782
54791
54830
54839
54848
54857
54866
54875
54884
54893
54902
54910
54918
54926
54935
54944
54953
54962
54970
54978
54986
54993
54999
55008
55017
55026
55035
55044
55052
55060
55068
55075
55084
55093
55102
55111
55120
55129
55138
55147
55156
55165
55172
55179
55186
55193
55202
55209
55218
55227
55236
55245
55254
55263
55272
55281
55290
55299
55308
55317
55326
55335
55344
55353
55362
55371
55380
55389
55398
55407
55416
55425
55434
55443
55452
55461
55470
55478
55486
55494
55500
55507
55517
55525
55534
55541
55548
55557
55566
55575
55584
55593
55602
55611
55620
55629
55638
55647
55655
55663
55675
55683
55727
55736
55745
55754
55763
55772
55781
55790
55799
55807
55815
55821
55832
55841
55850
55859
55868
55876
55884
55892
55900
55909
55918
55927
55936
55944
55952
55960
55963
55975
55984
55993
56002
56011
56020
56029
56038
56047
56056
56064
56072
56082
56089
56096
56103
56116
56125
56134
56143
56152
56161
56170
56179
56188
56197
56206
56215
56224
56233
56242
56251
56260
56269
56278
56287
56296
56305
56314
56323
56332
56341
56350
56359
56368
56376
56384
56392
56405
56412
56421
56429
56445
56454
56463
56472
56481
56490
56499
56508
56517
56526
56535
56544
56553
56562
56570
56578
56585
56593
56602
56639
56648
56657
56666
56675
56684
56692
56700
56708
56713
56720
56729
56738
56747
56756
56764
56772
56780
56787
56790
56799
56808
56817
56825
56833
56841
56848
56858
56867
56876
56885
56894
56903
56912
56921
56930
56939
56948
56957
56966
56975
56984
56991
56997
57004
57011
57017
57024
57034
57043
57052
57061
57070
57079
57088
57097
57106
57115
57124
57133
57142
57151
57160
57169
57178
57187
57196
57205
57214
57223
57232
57241
57250
57259
57268
57276
57282
57290
57299
57307
57320
57329
57338
57347
57356
57365
57374
57383
57392
57401
57410
57419
57428
57437
57446
57455
57463
57471
57479
57485
57537
57546
57555
57564
57572
57580
57588
57593
57608
57617
57626
57635
57644
57652
57660
57668
57676
57685
57694
57703
57712
57721
57730
57738
57746
57754
57761
57771
57780
57789
57798
57807
57816
57825
57834
57843
57852
57861
57870
57879
57888
57897
57905
57913
57920
57930
57935
57948
57956
57965
57974
57983
57992
58001
58010
58019
58028
58037
58046
58055
58064
58073
58082
58091
58100
58109
58118
58127
58136
58145
58154
58163
58171
58180
58187
58194
58199
58205
58215
58224
58233
58242
58251
58260
58269
58278
58287
58296
58305
58314
58323
58332
58341
58349
58357
58365
58372
58379
58389
58398
58432
58441
58450
58459
58467
58475
58483
58495
58504
58513
58522
58531
58539
58547
58555
58563
58570
58577
58586
58595
58604
58613
58621
58629
58637
58645
58651
58660
58669
58678
58687
58696
58705
58714
58723
58732
58741
58750
58759
58768
58777
58786
58795
58804
58812
58820
58829
58838
58846
58854
58863
58872
58881
58890
58899
58908
58917
58926
58935
58944
58953
58962
58971
58980
58989
58998
59007
59016
59025
59034
59043
59052
59063
59071
59082
59089
59095
59101
59109
59117
59127
59136
59145
59154
59163
59172
59181
59190
59199
59208
59217
59226
59235
59244
59252
59260
59267
59279
59288
59297
59339
59347
59355
59363
59371
59376
59387
59396
59405
59414
59423
59432
59441
59450
59458
59466
59474
59481
59489
59498
59507
59516
59525
59533
59541
59549
59553
59560
59568
59577
59586
59595
59604
59613
59622
59631
59640
59649
59658
59667
59676
59685
59694
59703
59711
59719
59727
59734
59741
59753
59762
59765
59775
59784
59793
59802
59811
59820
59829
59838
59847
59856
59865
59874
59883
59892
59901
59910
59919
59928
59937
59946
59955
59964
59973
59981
59989
59998
60004
60011
60015
60022
60028
60037
60046
60055
60064
60073
60082
60091
60100
60109
60118
60126
60134
60140
60145
60154
60163
60172
60193
60202
60211
60220
60229
60238
60247
60255
60263
60274
60283
60292
60301
60310
60319
60328
60337
60346
60355
60364
60375
60383
60392
60401
60410
60419
60427
60435
60444
60449
60458
60467
60476
60485
60494
60503
60512
60521
60530
60539
60548
60557
60566
60575
60584
60593
60602
60611
60619
60627
60635
60641
60647
60656
60664
60672
60680
60689
60698
60707
60716
60725
60734
60743
60752
60761
60770
60779
60788
60797
60806
60815
60824
60833
60842
60851
60860
60869
60878
60887
60896
60905
60913
60921
60928
60933
60942
60949
60957
60965
60974
60983
60992
61001
61010
61015
61023
61032
61040
61046
61099
61108
61117
61126
61135
61143
61151
61161
61166
61175
61184
61193
61202
61211
61220
61229
61238
61246
61254
61262
61270
61277
61286
61295
61304
61313
61322
61331
61339
61347
61353
61362
61371
61380
61389
61398
61407
61416
61425
61434
61443
61452
61461
61470
61479
61488
61497
61504
61512
61520
61527
61535
61544
61553
61562
61570
61578
61585
61596
61605
61614
61623
61632
61641
61650
61659
61668
61677
61686
61695
61704
61713
61722
61731
61740
61749
61758
61767
61776
61785
61794
61802
61810
61818
61824
61830
61839
61847
61855
61862
61871
61880
61889
61898
61907
61916
61924
61932
61941
61947
61997
62006
62015
62024
62033
62042
62050
62057
62066
62075
62084
62093
62102
62111
62120
62129
62138
62147
62157
62165
62173
62178
62186
62195
62204
62212
62220
62228
62236
62242
62254
62263
62272
62281
62290
62299
62308
62317
62326
62335
62344
62353
62362
62371
62380
62389
62397
62405
62413
62429
62437
62446
62455
62463
62471
62482
62490
62499
62508
62517
62526
62535
62544
62553
62562
62571
62580
62589
62598
62607
62616
62625
62634
62643
62652
62661
62670
62679
62688
62697
62705
62713
62718
62725
62734
62741
62749
62757
62765
62772
62780
62789
62798
62807
62816
62824
62832
62845
62855
62864
62900
62909
62918
62926
62934
62937
62944
62953
62962
62971
62980
62989
62998
63007
63016
63025
63034
63043
63051
63059
63067
63075
63084
63093
63102
63111
63120
63129
63138
63146
63154
63162
63168
63176
63185
63194
63203
63212
63221
63230
63239
63248
63257
63266
63275
63284
63293
63301
63309
63317
63325
63334
63343
63351
63359
63373
63382
63391
63400
63409
63418
63427
63436
63445
63454
63463
63472
63481
63490
63499
63508
63517
63526
63535
63544
63553
63562
63571
63580
63588
63596
63604
63613
63622
63631
63640
63649
63658
63665
63673
63681
63693
63702
63711
63719
63727
63735
63751
63760
63769
63805
63813
63820
63828
63836
63840
63852
63861
63870
63879
63888
63897
63906
63915
63924
63933
63942
63953
63961
63969
63980
63989
63998
64007
64016
64025
64034
64042
64050
64058
64063
64069
64078
64087
64096
64105
64114
64123
64132
64141
64150
64159
64168
64177
64186
64195
64203
64211
64218
64225
64230
64239
64248
64256
64264
64272
64275
64285
64294
64303
64312
64321
64330
64339
64348
64357
64366
64375
64384
64393
64402
64411
64420
64429
64438
64447
64456
64465
64473
64481
64496
64505
64514
64523
64532
64541
64550
64560
64568
64576
64587
64596
64605
64614
64622
64630
64639
64643
64653
64662
64695
64705
64714
64723
64732
64740
64748
64756
64762
64770
64779
64788
64797
64806
64815
64824
64833
64842
64851
64860
64868
64876
64886
64892
64901
64910
64919
64928
64937
64943
64951
64959
64967
64971
64981
64990
64999
65008
65017
65026
65035
65044
65053
65062
65071
65080
65088
65096
65104
65110
65119
65127
65135
65152
65161
65170
65179
65188
65197
65206
65215
65224
65233
65242
65251
65260
65269
65278
65287
65296
65305
65314
65323
65332
65341
65350
65359
65368
65377
65386
65395
65403
65411
65415
65427
65436
65445
65454
65463
65471
65479
65487
65494
65501
65510
65519
65527
65535
65543
65545
65592
65601
65610
65619
65628
65637
65645
65653
65665
65674
65683
65692
65701
65710
65719
65728
65737
65746
65755
65764
65768
65776
65786
65794
65801
65808
65817
65826
65834
65842
65850
65857
65865
65875
65884
65893
65902
65911
65920
65929
65938
65947
65956
65965
65973
65980
65988
65994
66002
66011
66019
66027
66035
66043
66046
66056
66065
66074
66083
66092
66101
66110
66119
66128
66137
66146
66155
66164
66173
66182
66191
66200
66209
66218
66227
66236
66245
66254
66263
66272
66281
66290
66298
66306
66312
66323
66332
66341
66350
66359
66368
66377
66386
66394
66402
66409
66417
66426
66434
66442
66495
66504
66513
66522
66531
66541
66549
66557
66565
66573
66582
66591
66600
66609
66618
66627
66636
66645
66654
66662
66670
66678
66684
66697
66706
66715
66724
66732
66740
66748
66755
66762
66771
66780
66789
66798
66807
66816
66825
66834
66843
66852
66861
66870
66881
66889
66897
66904
66915
66921
66928
66936
66944
66951
66957
66966
66975
66984
66993
67002
67011
67020
67029
67038
67047
67056
67065
67074
67083
67092
67101
67110
67119
67128
67137
67146
67155
67164
67173
67181
67189
67195
67208
67217
67226
67235
67244
67253
67262
67271
67279
67287
67295
67303
67312
67321
67330
67338
67346
67357
67406
67415
67424
67433
67441
67449
67457
67465
67471
67478
67487
67496
67505
67514
67523
67532
67541
67550
67558
67566
67576
67584
67593
67602
67611
67620
67628
67636
67649
67658
67667
67676
67685
67694
67703
67712
67721
67730
67739
67748
67757
67766
67775
67784
67792
67800
67809
67815
67822
67830
67840
67849
67858
67867
67876
67885
67894
67903
67912
67921
67930
67939
67948
67957
67966
67975
67984
67993
68002
68011
68020
68029
68038
68047
68056
68065
68074
68083
68090
68094
68102
68110
68118
68126
68135
68144
68153
68162
68171
68180
68188
68196
68204
68209
68219
68227
68236
68244
68251
68258
68301
68310
68319
68328
68337
68345
68353
68360
68368
68377
68386
68395
68404
68413
68422
68431
68440
68449
68457
68465
68472
68480
68489
68498
68507
68516
68525
68533
68541
68549
68554
68566
68575
68584
68593
68602
68611
68620
68629
68638
68647
68656
68665
68674
68683
68691
68699
68705
68714
68722
68728
68736
68745
68751
68760
68769
68778
68787
68796
68805
68814
68823
68832
68841
68850
68859
68868
68877
68886
68895
68904
68913
68922
68931
68940
68949
68958
68967
68976
68985
68994
69003
69012
69020
69028
69037
69050
69058
69066
69074
69079
69087
69096
69105
69113
69123
69131
69140
69149
69158
69190
69199
69208
69217
69226
69233
69240
69249
69258
69267
69276
69285
69294
69303
69312
69321
69330
69339
69348
69357
69365
69374
69382
69391
69400
69409
69418
69427
69436
69445
69453
69460
69468
69477
69486
69495
69504
69513
69522
69531
69540
69549
69558
69567
69576
69585
69594
69603
69612
69620
69628
69636
69643
69652
69660
69668
69681
69690
69699
69708
69717
69726
69735
69744
69753
69762
69771
69780
69789
69798
69807
69816
69825
69834
69843
69852
69861
69870
69879
69888
69897
69905
69913
69921
69928
69936
69945
69953
69961
69972
69980
69989
69998
70006
70014
70021
70030
70039
70048
70057
70094
70103
70111
70119
70130
70138
70147
70156
70165
70174
70183
70192
70201
70210
70219
70228
70237
70245
70253
70261
70268
70272
70281
70290
70299
70308
70317
70326
70335
70343
70351
70359
70362
70370
70379
70388
70397
70406
70415
70424
70433
70442
70451
70460
70469
70478
70487
70496
70505
70514
70523
70531
70539
70547
70554
70561
70573
70580
70587
70596
70605
70614
70623
70632
70641
70650
70659
70668
70677
70686
70695
70704
70713
70722
70731
70740
70749
70758
70767
70776
70785
70794
70803
70811
70823
70832
70841
70850
70858
70866
70871
70879
70888
70896
70904
70912
70919
70927
70936
70945
70986
70995
71004
71012
71020
71028
71030
71037
71046
71055
71064
71073
71082
71091
71100
71109
71118
71127
71136
71144
71152
71161
71167
71178
71187
71196
71205
71214
71223
71232
71242
71250
71258
71263
71273
71282
71291
71300
71309
71318
71327
71336
71345
71354
71363
71372
71381
71390
71399
71408
71417
71426
71436
71444
71452
71461
71470
71479
71488
71497
71506
71515
71524
71533
71542
71551
71560
71569
71578
71587
71596
71605
71614
71623
71632
71641
71650
71659
71668
71677
71686
71695
71704
71713
71720
71726
71733
71741
71744
71754
71762
71772
71779
71788
71796
71804
71812
71822
71832
71841
71878
71887
71896
71905
71914
71923
71930
71937
71946
71955
71964
71973
71982
71991
72000
72009
72018
72027
72036
72045
72054
72062
72070
72078
72085
72091
72100
72109
72118
72127
72136
72144
72152
72160
72169
72178
72187
72196
72205
72214
72223
72232
72241
72250
72259
72268
72277
72286
72295
72304
72313
72321
72329
72337
72345
72349
72353
72361
72369
72381
72390
72399
72408
72417
72426
72435
72444
72453
72462
72471
72480
72489
72498
72507
72516
72525
72534
72543
72552
72561
72570
72579
72588
72597
72606
72615
72623
72631
72639
72647
72656
72661
72669
72677
72689
72698
72706
72714
72725
72733
72781
72790
72799
72807
72815
72823
72830
72837
72846
72855
72864
72873
72882
72891
72900
72909
72918
72927
72936
72945
72954
72962
72970
72975
72983
72992
73001
73010
73019
73028
73037
73045
73053
73059
73068
73077
73086
73095
73104
73113
73122
73131
73140
73149
73158
73167
73176
73185
73194
73202
73210
73218
73232
73241
73249
73257
73264
73272
73281
73290
73299
73308
73317
73326
73335
73344
73353
73362
73371
73380
73389
73398
73407
73416
73425
73434
73443
73452
73461
73470
73479
73488
73497
73506
73516
73524
73532
73540
73550
73558
73566
73574
73581
73589
73598
73607
73615
73623
73631
73636
73681
73690
73699
73707
73715
73723
73729
73737
73746
73755
73764
73773
73782
73791
73800
73809
73818
73827
73835
73843
73851
73858
73867
73876
73885
73894
73903
73912
73921
73929
73937
73944
73952
73966
73975
73984
73993
74002
74011
74020
74029
74038
74047
74056
74065
74074
74083
74092
74101
74109
74117
74125
74131
74138
74148
74156
74164
74171
74179
74188
74197
74206
74215
74224
74233
74242
74251
74260
74269
74278
74287
74296
74305
74314
74323
74332
74341
74350
74359
74368
74377
74386
74395
74404
74413
74422
74431
74439
74447
74458
74461
74471
74479
74487
74495
74501
74510
74519
74527
74535
74582
74592
74601
74609
74617
74625
74634
74643
74652
74661
74670
74679
74688
74697
74706
74715
74723
74731
74738
74746
74755
74764
74773
74782
74791
74800
74809
74817
74827
74835
74844
74853
74862
74871
74880
74889
74898
74907
74916
74925
74934
74943
74952
74961
74970
74979
74988
74997
75006
75015
75023
75031
75039
75047
75054
75061
75065
75073
75086
75095
75104
75113
75122
75131
75140
75149
75158
75167
75176
75185
75194
75203
75212
75221
75230
75239
75248
75257
75266
75275
75284
75293
75302
75311
75320
75329
75337
75345
75353
75360
75367
75375
75383
75397
75405
75414
75423
75433
75441
75449
75494
75503
75512
75520
75528
75536
75544
75550
75559
75568
75577
75586
75595
75604
75612
75620
75627
75635
75644
75653
75662
75671
75680
75689
75697
75705
75713
75721
75729
75738
75747
75756
75765
75774
75783
75792
75801
75810
75819
75828
75837
75846
75855
75864
75873
75882
75891
75900
75909
75917
75925
75933
75943
75951
75960
75968
75976
75982
75991
76000
76009
76018
76027
76036
76045
76054
76063
76072
76081
76090
76099
76108
76117
76126
76135
76144
76153
76162
76171
76180
76189
76198
76207
76216
76225
76234
76242
76250
76264
76267
76274
76282
76290
76305
76314
76322
76330
76338
76346
76355
76368
76380
76389
76398
76407
76416
76425
76433
76441
76452
76461
76470
76479
76488
76497
76505
76513
76521
76531
76540
76549
76558
76567
76576
76585
76594
76603
76612
76620
76628
76636
76641
76649
76658
76667
76676
76685
76694
76703
76712
76721
76730
76739
76748
76757
76766
76775
76784
76793
76801
76809
76817
76825
76834
76843
76852
76861
76869
76877
76884
76894
76903
76912
76921
76930
76939
76948
76957
76966
76975
76984
76993
77002
77011
77020
77029
77038
77047
77056
77065
77074
77083
77092
77101
77110
77119
77128
77137
77145
77153
77161
77168
77176
77186
77199
77208
77217
77226
77234
77242
77297
77306
77315
77323
77331
77339
77349
77356
77365
77374
77383
77392
77401
77409
77417
77425
77432
77440
77449
77458
77467
77476
77485
77494
77503
77511
77519
77527
77534
77542
77551
77560
77569
77578
77587
77596
77605
77614
77623
77632
77641
77650
77659
77668
77676
77684
77692
77700
77709
77718
77727
77736
77744
77753
77762
77771
77780
77789
77798
77807
77816
77825
77834
77843
77852
77861
77870
77879
77888
77897
77906
77915
77924
77933
77942
77951
77960
77969
77978
77987
77996
78005
78014
78023
78032
78041
78050
78058
78064
78072
78079
78086
78093
78101
78104
78113
78122
78131
78142
78150
78202
78211
78220
78228
78236
78240
78249
78258
78267
78276
78285
78294
78303
78311
78318
78326
78334
78345
78354
78363
78372
78381
78390
78399
78408
78416
78422
78428
78437
78446
78455
78464
78473
78482
78491
78500
78509
78518
78527
78536
78545
78554
78563
78572
78580
78588
78596
78603
78610
78615
78623
78631
78635
78645
78654
78663
78672
78681
78690
78699
78708
78717
78726
78735
78744
78753
78762
78771
78780
78789
78798
78807
78816
78825
78834
78843
78852
78861
78870
78879
78888
78897
78906
78915
78924
78933
78942
78951
78960
78969
78978
78986
78993
79000
79006
79012
79019
79027
79032
79040
79096
79105
79114
79120
79128
79136
79144
79153
79162
79171
79180
79189
79198
79207
79216
79224
79232
79244
79252
79261
79270
79279
79287
79295
79308
79317
79326
79335
79344
79353
79362
79371
79380
79389
79398
79407
79416
79425
79434
79443
79452
79461
79469
79477
79485
79488
79496
79504
79513
79521
79526
79537
79546
79555
79564
79573
79582
79591
79600
79609
79618
79627
79636
79645
79654
79663
79672
79681
79690
79699
79708
79717
79726
79735
79744
79753
79762
79771
79780
79789
79798
79807
79816
79825
79834
79843
79852
79861
79870
79879
79888
79896
79904
79912
79919
79926
79934
79942
79952
79960
79998
80007
80016
80025
80034
80043
80052
80061
80070
80079
80088
80097
80106
80117
80125
80133
80149
80158
80167
80176
80184
80192
80200
80207
80215
80224
80233
80242
80251
80260
80269
80278
80287
80296
80305
80314
80323
80332
80341
80350
80358
80366
80374
80381
80388
80397
80405
80413
80420
80427
80434
80443
80452
80461
80470
80479
80488
80497
80506
80515
80524
80533
80542
80551
80560
80569
80578
80587
80596
80605
80614
80623
80632
80641
80650
80659
80668
80677
80686
80695
80704
80713
80722
80731
80740
80749
80758
80767
80776
80785
80793
80801
80808
80819
80827
80839
80844
80853
80861
80868
80921
80935
80944
80953
80962
80971
80980
80989
80998
81007
81015
81023
81031
81039
81047
81056
81065
81074
81083
81091
81099
81107
81116
81125
81134
81143
81152
81161
81170
81179
81188
81197
81206
81215
81224
81233
81242
81251
81259
81267
81275
81285
81295
81309
81318
81327
81336
81345
81354
81363
81372
81381
81390
81399
81408
81417
81426
81435
81444
81453
81462
81471
81480
81489
81498
81507
81516
81525
81534
81543
81552
81561
81570
81579
81588
81597
81606
81615
81624
81633
81642
81650
81660
81668
81675
81682
81690
81701
81709
81717
81725
81733
81742
81751
81760
81769
81778
81786
81794
81806
81858
81867
81876
81885
81894
81903
81910
81918
81926
81929
81936
81945
81954
81963
81972
81981
81989
81997
82006
82015
82024
82033
82042
82051
82060
82069
82078
82087
82096
82105
82114
82123
82132
82141
82150
82158
82166
82174
82188
82198
82206
82214
82223
82232
82241
82250
82259
82268
82277
82286
82295
82304
82313
82322
82331
82340
82349
82358
82367
82376
82385
82394
82403
82412
82421
82430
82439
82448
82457
82466
82475
82484
82493
82502
82511
82520
82529
82538
82549
82557
82565
82573
82577
82585
82593
82601
82609
82613
82623
82632
82641
82650
82659
82669
82677
82685
82693
82700
82709
82718
82778
82788
82797
82805
82813
82821
82826
82834
82843
82852
82861
82870
82879
82887
82895
82902
82913
82922
82931
82940
82949
82958
82967
82976
82985
82994
83003
83012
83021
83030
83039
83048
83057
83066
83073
83080
83087
83091
83096
83104
83113
83120
83129
83138
83147
83156
83165
83174
83183
83192
83201
83210
83219
83228
83237
83246
83255
83264
83273
83282
83291
83300
83309
83318
83327
83336
83345
83354
83363
83372
83381
83390
83399
83408
83417
83426
83435
83443
83451
83459
83466
83476
83483
83489
83496
83504
83511
83523
83532
83541
83549
83557
83565
83582
83591
83600
83609
83618
83627
83636
83697
83706
83714
83722
83730
83737
83746
83755
83764
83775
83783
83793
83797
83806
83815
83824
83833
83842
83851
83860
83869
83878
83887
83896
83905
83914
83923
83932
83941
83951
83959
83967
83974
83980
83987
83994
84000
84007
84016
84025
84034
84043
84052
84061
84070
84079
84088
84097
84106
84115
84124
84133
84142
84151
84160
84169
84178
84187
84196
84205
84214
84223
84232
84241
84250
84259
84268
84277
84286
84295
84304
84313
84322
84331
84340
84349
84358
84366
84376
84381
84388
84395
84402
84411
84415
84428
84435
84443
84451
84459
84465
84473
84482
84491
84500
84509
84518
84527
84536
84545
84609
84618
84632
84641
84650
84659
84667
84675
84681
84689
84698
84707
84716
84725
84734
84743
84752
84761
84770
84779
84788
84797
84806
84815
84824
84833
84842
84850
84857
84863
84867
84872
84881
84889
84897
84905
84913
84922
84931
84940
84949
84958
84967
84976
84985
84994
85003
85012
85021
85030
85039
85048
85057
85066
85075
85084
85093
85102
85111
85120
85129
85138
85147
85156
85165
85174
85183
85192
85201
85210
85219
85228
85237
85246
85254
85262
85269
85276
85283
85289
85300
85312
85321
85329
85337
85345
85354
85362
85371
85380
85389
85398
85407
85416
85425
85434
85443
85452
85461
85473
85530
85538
85543
85553
85561
85565
85573
85581
85594
85603
85612
85621
85630
85639
85648
85657
85666
85675
85684
85693
85702
85711
85720
85728
85736
85744
85750
85758
85768
85776
85785
85794
85803
85812
85821
85830
85839
85848
85857
85866
85875
85884
85893
85902
85911
85920
85929
85938
85947
85956
85965
85974
85983
85992
86001
86010
86019
86028
86037
86046
86055
86064
86073
86082
86091
86100
86109
86118
86127
86136
86145
86154
86162
86170
86177
86184
86190
86200
86210
86216
86217
86223
86231
86239
86248
86257
86266
86275
86284
86293
86302
86311
86320
86329
86338
86347
86356
86370
86378
86387
86426
86434
86443
86452
86461
86470
86478
86486
86495
86504
86513
86522
86531
86540
86549
86558
86567
86576
86585
86594
86603
86612
86620
86628
86636
86643
86651
86660
86668
86676
86683
86694
86703
86712
86721
86730
86739
86748
86757
86766
86775
86784
86793
86802
86811
86820
86829
86838
86847
86856
86865
86874
86883
86892
86901
86910
86919
86928
86937
86946
86955
86964
86973
86982
86991
87000
87009
87018
87027
87036
87045
87054
87063
87071
87078
87088
87097
87106
87114
87123
87129
87138
87147
87156
87165
87174
87183
87192
87201
87210
87219
87228
87237
87246
87255
87263
87271
87274
87284
87293
87341
87348
87357
87366
87375
87383
87395
87404
87413
87422
87431
87440
87449
87458
87467
87476
87485
87494
87503
87511
87519
87531
87540
87549
87558
87566
87574
87585
87594
87603
87612
87621
87630
87639
87648
87657
87666
87675
87684
87693
87702
87711
87720
87729
87738
87747
87756
87765
87774
87783
87792
87801
87810
87819
87828
87837
87846
87855
87864
87873
87882
87891
87900
87909
87918
87927
87936
87945
87954
87963
87971
87979
87987
87990
87999
88007
88014
88021
88028
88037
88046
88055
88064
88073
88082
88091
88100
88109
88118
88127
88136
88144
88152
88160
88168
88176
88185
88194
88203
88212
88249
88257
88265
88273
88281
88286
88292
88298
88307
88316
88325
88334
88343
88352
88361
88370
88379
88388
88396
88404
88412
88416
88421
88430
88439
88448
88456
88463
88473
88482
88491
88500
88509
88518
88527
88536
88545
88554
88563
88572
88581
88590
88599
88608
88617
88626
88635
88644
88653
88662
88671
88680
88689
88698
88707
88716
88725
88734
88743
88752
88761
88770
88779
88788
88797
88806
88815
88824
88833
88842
88851
88860
88870
88878
88886
88891
88900
88908
88916
88921
88929
88936
88944
88953
88962
88971
88980
88989
88998
89007
89016
89025
89034
89043
89051
89059
89066
89075
89084
89093
89126
89135
89144
89152
89160
89167
89174
89178
89185
89193
89201
89209
89218
89227
89236
89245
89254
89263
89272
89281
89289
89296
89305
89314
89323
89332
89341
89349
89356
89364
89372
89379
89388
89397
89406
89415
89424
89433
89442
89451
89460
89469
89478
89487
89496
89505
89514
89523
89532
89541
89550
89559
89568
89577
89586
89595
89604
89613
89622
89631
89640
89649
89658
89667
89676
89685
89694
89703
89712
89721
89730
89739
89748
89757
89766
89775
89783
89791
89798
89807
89816
89823
89832
89840
89848
89856
89860
89869
89878
89887
89896
89905
89914
89923
89931
89939
89945
89953
89962
89971
89993
90002
90011
90020
90029
90038
90047
90056
90065
90074
90083
90091
90098
90104
90111
90120
90129
90138
90146
90154
90162
90170
90181
90190
90199
90208
90217
90226
90235
90244
90253
90261
90269
90275
90283
90292
90301
90310
90319
90328
90337
90346
90355
90364
90373
90382
90391
90400
90409
90418
90427
90436
90445
90454
90463
90472
90481
90490
90499
90508
90517
90526
90535
90544
90553
90562
90571
90580
90589
90598
90607
90616
90625
90634
90643
90652
90661
90670
90679
90688
90697
90706
90715
90724
90733
90742
90751
90759
90767
90775
90781
90790
90799
90808
90817
90826
90835
90844
90852
90860
90884
90893
90902
90911
90920
90929
90938
90947
90956
90965
90974
90983
90991
90999
91005
91013
91023
91033
91042
91051
91060
91068
91076
91084
91092
91099
91108
91117
91126
91135
91144
91153
91162
91170
91178
91190
91198
91207
91216
91225
91234
91243
91252
91261
91270
91279
91288
91297
91306
91315
91324
91333
91342
91351
91360
91369
91378
91387
91396
91405
91414
91423
91432
91441
91450
91459
91468
91477
91486
91495
91504
91513
91522
91530
91538
91546
91554
91563
91572
91580
91588
91596
91600
91606
91615
91624
91633
91642
91651
91660
91669
91677
91685
91693
91702
91711
91720
91729
91737
91745
91796
91805
91814
91823
91832
91841
91850
91859
91868
91877
91885
91892
91899
91907
91916
91925
91934
91943
91952
91961
91970
91979
91987
91995
92004
92012
92021
92030
92039
92048
92057
92067
92075
92083
92091
92100
92109
92118
92127
92136
92145
92154
92163
92172
92181
92190
92199
92208
92217
92226
92235
92244
92253
92262
92271
92280
92289
92298
92307
92316
92325
92334
92343
92352
92361
92370
92379
92388
92397
92406
92415
92424
92432
92440
92447
92457
92466
92475
92484
92493
92501
92509
92516
92525
92534
92543
92552
92561
92569
92577
92585
92593
92602
92611
92619
92628
92637
92646
92655
92664
92698
92707
92716
92725
92734
92743
92752
92761
92770
92779
92788
92796
92804
92815
92823
92832
92841
92850
92859
92868
92877
92885
92893
92898
92907
92916
92925
92934
92943
92952
92961
92970
92978
92986
92994
93002
93007
93019
93028
93037
93046
93055
93064
93073
93082
93091
93100
93109
93118
93127
93136
93145
93154
93163
93172
93181
93190
93199
93208
93217
93226
93235
93244
93253
93262
93271
93280
93289
93298
93307
93316
93325
93334
93342
93350
93361
93370
93379
93388
93397
93405
93413
93421
93430
93439
93448
93457
93466
93475
93484
93492
93501
93509
93516
93523
93532
93541
93550
93559
93568
93601
93610
93619
93628
93637
93646
93655
93665
93673
93682
93691
93703
93711
93719
93726
93735
93744
93753
93762
93771
93780
93788
93797
93806
93815
93824
93833
93842
93851
93860
93869
93878
93887
93895
93903
93911
93914
93923
93932
93941
93950
93959
93968
93977
93986
93995
94004
94013
94022
94031
94040
94049
94058
94067
94076
94085
94094
94103
94112
94121
94130
94139
94148
94157
94166
94175
94184
94193
94202
94211
94220
94229
94237
94253
94262
94271
94280
94289
94297
94306
94313
94321
94330
94339
94348
94357
94366
94375
94383
94391
94396
94404
94412
94415
94426
94435
94444
94453
94462
94471
94505
94514
94523
94532
94541
94550
94558
94566
94578
94587
94596
94605
94614
94622
94630
94637
94650
94659
94668
94676
94684
94693
94702
94711
94720
94729
94738
94747
94756
94765
94774
94783
94796
94805
94814
94823
94832
94841
94850
94859
94868
94877
94886
94895
94904
94913
94922
94931
94940
94949
94958
94967
94976
94985
94994
95003
95012
95021
95030
95039
95048
95057
95066
95075
95084
95093
95102
95111
95120
95129
95138
95147
95156
95165
95174
95183
95192
95200
95208
95220
95229
95238
95247
95256
95265
95274
95283
95291
95299
95301
95310
95319
95328
95337
95346
95355
95364
95373
95382
95391
95434
95443
95452
95460
95468
95475
95481
95489
95498
95507
95516
95524
95533
95541
95549
95555
95565
95573
95581
95589
95597
95606
95615
95624
95633
95642
95650
95658
95666
95674
95684
95693
95702
95711
95720
95729
95738
95747
95756
95765
95774
95783
95792
95801
95810
95819
95828
95837
95846
95855
95864
95873
95882
95891
95900
95909
95918
95927
95936
95945
95954
95963
95972
95981
95990
95999
96008
96017
96025
96033
96041
96049
96059
96068
96077
96086
96095
96103
96111
96119
96128
96137
96146
96155
96164
96173
96178
96183
96190
96197
96202
96208
96218
96233
96242
96251
96260
96269
96278
96287
96330
96339
96347
96355
96363
96369
96378
96387
96396
96405
96414
96423
96432
96440
96448
96457
96465
96473
96481
96483
96491
96500
96509
96518
96527
96536
96545
96554
96562
96570
96578
96586
96592
96601
96610
96619
96628
96637
96646
96655
96664
96673
96682
96691
96700
96709
96718
96727
96736
96745
96754
96763
96772
96781
96790
96799
96808
96817
96826
96835
96844
96853
96862
96871
96880
96889
96898
96907
96916
96927
96935
96943
96951
96954
96962
96971
96980
96989
96997
97005
97013
97021
97028
97042
97051
97060
97069
97078
97086
97094
97101
97109
97114
97121
97129
97137
97146
97155
97164
97173
97223
97232
97241
