1
12
21
30
39
48
57
66
75
84
93
102
111
120
129
138
147
156
165
174
183
192
201
210
219
228
237
246
255
264
273
282
291
300
309
318
327
336
345
354
363
372
381
390
399
408
417
426
435
444
453
462
471
480
489
498
507
516
525
534
543
552
561
570
579
588
597
606
615
624
633
642
651
660
669
678
687
696
705
714
723
732
741
750
759
768
777
786
795
804
813
822
831
840
849
858
867
876
885
894
911
926
935
944
953
962
971
980
989
998
1007
1016
1025
1034
1043
1052
1061
1070
1079
1088
1097
1106
1115
1124
1133
1142
1151
1160
1169
1178
1187
1196
1205
1214
1223
1232
1241
1250
1259
1268
1277
1286
1295
1304
1313
1322
1331
1340
1349
1358
1367
1376
1385
1394
1403
1412
1421
1430
1439
1448
1457
1466
1475
1484
1493
1502
1511
1520
1529
1538
1547
1556
1565
1574
1583
1592
1601
1610
1619
1628
1637
1646
1655
1664
1673
1682
1691
1700
1709
1718
1727
1736
1745
1754
1763
1772
1780
1785
1793
1798
1817
1827
1836
1845
1854
1863
1872
1881
1890
1899
1908
1917
1926
1935
1944
1953
1962
1971
1980
1989
1998
2007
2016
2025
2034
2043
2052
2061
2070
2079
2088
2097
2106
2115
2124
2133
2142
2151
2160
2169
2178
2187
2196
2205
2214
2223
2232
2241
2250
2259
2268
2277
2286
2295
2304
2313
2322
2331
2340
2349
2358
2367
2376
2385
2394
2403
2412
2421
2430
2439
2448
2457
2466
2475
2484
2493
2502
2511
2520
2529
2538
2547
2556
2565
2574
2583
2592
2601
2610
2619
2628
2637
2646
2655
2664
2673
2681
2688
2694
2697
2720
2726
2732
2744
2752
2761
2770
2779
2788
2797
2806
2815
2824
2833
2842
2851
2860
2869
2878
2887
2896
2905
2914
2923
2932
2941
2950
2959
2968
2977
2986
2995
3004
3013
3022
3031
3040
3049
3058
3067
3076
3085
3094
3103
3112
3121
3130
3139
3148
3157
3166
3175
3184
3193
3202
3211
3220
3229
3238
3247
3256
3265
3274
3283
3292
3301
3310
3319
3328
3337
3346
3355
3364
3373
3382
3391
3400
3409
3418
3427
3436
3445
3454
3463
3470
3478
3486
3495
3504
3513
3522
3531
3540
3549
3558
3566
3579
3583
3586
3592
3624
3633
3637
3647
3656
3665
3674
3683
3692
3701
3710
3719
3728
3737
3746
3755
3764
3773
3782
3791
3800
3809
3818
3827
3836
3845
3854
3863
3872
3881
3890
3899
3908
3917
3926
3935
3944
3953
3962
3971
3980
3989
3998
4007
4016
4025
4034
4043
4052
4061
4063
4073
4082
4091
4100
4109
4118
4127
4136
4145
4154
4163
4172
4181
4190
4199
4208
4217
4226
4235
4244
4253
4262
4271
4280
4289
4298
4307
4316
4325
4334
4343
4352
4361
4370
4379
4388
4397
4406
4415
4424
4433
4442
4451
4460
4469
4478
4483
4487
4493
4534
4541
4544
4553
4562
4571
4580
4589
4598
4607
4616
4625
4634
4643
4652
4661
4670
4679
4688
4697
4706
4715
4724
4733
4742
4751
4760
4769
4778
4787
4796
4805
4814
4823
4832
4841
4850
4859
4868
4877
4886
4895
4904
4913
4922
4931
4940
4949
4958
4967
4976
4985
4994
5003
5012
5021
5030
5039
5048
5057
5066
5075
5084
5093
5102
5111
5120
5129
5138
5147
5156
5165
5174
5183
5192
5201
5210
5219
5228
5237
5246
5255
5264
5273
5282
5291
5300
5309
5318
5326
5332
5338
5347
5356
5365
5374
5384
5389
5395
5401
5440
5449
5463
5472
5481
5490
5499
5508
5517
5526
5535
5544
5553
5562
5571
5580
5589
5598
5607
5616
5625
5634
5643
5652
5661
5670
5679
5688
5697
5706
5715
5724
5733
5742
5751
5760
5769
5778
5787
5796
5805
5814
5823
5832
5841
5850
5859
5868
5877
5886
5895
5904
5913
5922
5931
5940
5949
5958
5967
5976
5985
5994
6003
6012
6021
6030
6039
6048
6057
6066
6075
6084
6093
6102
6111
6120
6129
6138
6147
6156
6165
6174
6183
6194
6200
6209
6218
6227
6236
6245
6253
6257
6265
6274
6283
6291
6296
6306
6312
6317
6359
6367
6385
6394
6403
6412
6421
6430
6439
6448
6457
6466
6475
6484
6493
6502
6511
6520
6529
6538
6547
6556
6565
6574
6583
6592
6601
6610
6619
6628
6637
6646
6655
6664
6673
6682
6691
6700
6709
6718
6727
6736
6745
6754
6763
6772
6781
6790
6799
6808
6817
6826
6835
6844
6853
6862
6871
6880
6889
6898
6907
6916
6925
6934
6943
6952
6961
6970
6979
6988
6997
7006
7015
7024
7033
7042
7051
7059
7072
7081
7090
7099
7108
7117
7126
7136
7144
7153
7164
7171
7178
7182
7189
7197
7205
7213
7225
7233
7241
7251
7287
7293
7302
7308
7317
7326
7335
7344
7353
7362
7371
7380
7389
7398
7407
7416
7425
7434
7443
7452
7461
7470
7479
7488
7497
7506
7515
7524
7533
7542
7551
7560
7569
7578
7587
7596
7605
7614
7623
7632
7641
7650
7659
7668
7677
7686
7695
7704
7713
7722
7731
7740
7749
7758
7767
7776
7785
7794
7803
7812
7821
7830
7839
7848
7857
7866
7875
7884
7893
7902
7911
7920
7929
7938
7946
7952
7961
7970
7979
7988
7997
8006
8015
8024
8033
8042
8054
8061
8071
8075
8084
8091
8097
8104
8115
8122
8130
8138
8147
8156
8179
8186
8193
8202
8209
8218
8227
8236
8245
8254
8263
8272
8281
8290
8299
8308
8317
8326
8335
8344
8353
8362
8371
8380
8389
8398
8407
8416
8425
8434
8443
8452
8461
8470
8479
8488
8497
8506
8515
8524
8533
8542
8551
8560
8569
8578
8587
8596
8605
8614
8623
8632
8641
8650
8659
8668
8677
8686
8695
8704
8713
8722
8731
8740
8749
8758
8767
8776
8785
8794
8803
8812
8820
8831
8840
8849
8858
8867
8876
8885
8894
8903
8912
8921
8930
8938
8949
8955
8963
8969
8974
8980
8987
8993
8999
9006
9012
9018
9023
9027
9058
9062
9069
9077
9086
9095
9104
9113
9122
9131
9140
9149
9158
9167
9176
9185
9194
9203
9212
9221
9230
9239
9248
9257
9266
9275
9284
9293
9302
9311
9320
9329
9338
9347
9356
9365
9374
9383
9392
9401
9410
9419
9428
9437
9446
9455
9464
9473
9482
9491
9500
9509
9518
9527
9536
9545
9554
9563
9572
9581
9590
9599
9608
9617
9626
9635
9644
9653
9662
9671
9680
9689
9698
9707
9716
9725
9734
9743
9752
9761
9770
9779
9788
9797
9805
9809
9816
9824
9830
9839
9847
9855
9864
9873
9882
9890
9898
9903
9911
9920
9950
9958
9963
9969
9975
9985
9993
10005
10013
10022
10031
10040
10049
10058
10067
10076
10085
10094
10103
10112
10121
10130
10139
10148
10157
10166
10175
10184
10193
10202
10211
10220
10229
10238
10247
10256
10265
10274
10283
10292
10301
10310
10319
10328
10337
10346
10355
10364
10373
10382
10391
10400
10409
10418
10427
10436
10445
10454
10463
10472
10481
10490
10499
10508
10517
10526
10535
10544
10553
10562
10571
10580
10589
10598
10607
10616
10625
10634
10643
10652
10661
10670
10679
10687
10695
10704
10712
10720
10724
10735
10743
10751
10761
10770
10779
10787
10796
10805
10814
10823
10859
10866
10874
10882
10891
10892
10902
10907
10913
10922
10931
10940
10949
10958
10967
10976
10985
10994
11003
11012
11021
11030
11039
11048
11057
11066
11075
11084
11093
11102
11111
11120
11129
11138
11147
11156
11165
11174
11183
11192
11201
11210
11219
11228
11237
11246
11255
11264
11273
11282
11291
11300
11309
11318
11327
11336
11345
11354
11363
11372
11381
11390
11399
11408
11417
11426
11435
11444
11453
11462
11471
11480
11489
11498
11507
11516
11525
11534
11543
11552
11561
11570
11578
11584
11592
11599
11605
11612
11619
11627
11634
11644
11653
11662
11670
11676
11682
11691
11700
11709
11735
11741
11748
11756
11760
11767
11774
11782
11791
11798
11805
11811
11824
11833
11842
11851
11860
11869
11878
11887
11896
11905
11914
11923
11932
11941
11950
11959
11968
11977
11986
11995
12004
12013
12022
12031
12040
12049
12058
12067
12076
12085
12094
12103
12112
12121
12130
12139
12148
12157
12166
12175
12184
12193
12202
12211
12220
12229
12238
12247
12256
12265
12274
12283
12292
12301
12310
12319
12328
12337
12346
12355
12364
12373
12382
12391
12400
12409
12418
12427
12436
12445
12454
12463
12472
12480
12489
12496
12505
12512
12519
12527
12535
12545
12554
12562
12567
12575
12584
12593
12622
12631
12640
12647
12654
12664
12666
12674
12683
12691
12700
12709
12718
12728
12737
12746
12755
12764
12773
12782
12791
12800
12809
12818
12827
12836
12845
12854
12863
12872
12881
12890
12899
12908
12917
12926
12935
12944
12953
12962
12971
12980
12989
12998
13007
13016
13025
13034
13043
13052
13061
13070
13079
13088
13097
13105
13114
13123
13132
13141
13150
13159
13168
13177
13186
13195
13204
13213
13222
13231
13240
13249
13258
13267
13276
13285
13294
13303
13312
13321
13330
13339
13348
13357
13366
13374
13382
13389
13397
13405
13413
13418
13428
13436
13444
13452
13461
13469
13474
13482
13507
13516
13525
13534
13542
13550
13557
13563
13571
13580
13589
13595
13602
13607
13619
13627
13636
13645
13654
13663
13672
13681
13690
13699
13708
13717
13726
13735
13744
13753
13762
13771
13780
13789
13798
13807
13816
13825
13834
13843
13852
13861
13870
13879
13888
13897
13906
13915
13924
13933
13942
13951
13960
13969
13978
13987
13996
14005
14014
14023
14032
14041
14050
14059
14068
14077
14086
14095
14104
14113
14122
14131
14140
14149
14158
14167
14176
14185
14194
14203
14212
14221
14230
14239
14248
14257
14265
14272
14282
14291
14300
14310
14318
14329
14338
14349
14356
14365
14373
14381
14420
14429
14437
14444
14451
14459
14467
14473
14480
14488
14497
14505
14513
14527
14537
14546
14555
14564
14573
14582
14591
14600
14609
14618
14627
14636
14645
14654
14663
14672
14681
14690
14699
14708
14717
14726
14735
14744
14753
14762
14771
14780
14789
14798
14807
14816
14825
14834
14843
14852
14861
14870
14879
14888
14897
14906
14915
14924
14933
14942
14951
14960
14969
14978
14987
14996
15005
15014
15023
15032
15041
15050
15059
15068
15077
15086
15095
15104
15113
15122
15131
15140
15147
15155
15166
15175
15184
15192
15201
15210
15219
15228
15237
15246
15254
15262
15266
15274
15281
15296
15327
15335
15343
15350
15359
15368
15376
15384
15390
15398
15406
15414
15422
15430
15441
15451
15460
15469
15478
15487
15496
15505
15514
15523
15532
15541
15550
15559
15568
15577
15586
15595
15604
15613
15622
15631
15640
15649
15658
15667
15676
15685
15694
15703
15712
15721
15730
15739
15748
15757
15766
15775
15784
15793
15802
15811
15820
15829
15838
15847
15856
15865
15874
15883
15892
15901
15910
15919
15928
15937
15946
15955
15964
15973
15982
15991
16000
16009
16018
16026
16034
16042
16051
16060
16069
16078
16086
16099
16108
16117
16126
16134
16141
16148
16157
16166
16174
16182
16190
16198
16237
16245
16253
16259
16263
16268
16272
16279
16286
16297
16305
16315
16321
16331
16339
16348
16357
16366
16375
16384
16393
16402
16411
16420
16429
16438
16447
16456
16465
16474
16483
16492
16501
16510
16519
16528
16537
16546
16555
16564
16573
16582
16591
16600
16609
16618
16627
16636
16645
16654
16663
16672
16681
16690
16699
16708
16717
16726
16735
16744
16753
16762
16771
16780
16789
16798
16807
16816
16825
16834
16843
16852
16861
16870
16879
16888
16897
16907
16915
16922
16927
16935
16944
16953
16962
16971
16980
16988
16999
17007
17016
17025
17033
17041
17051
17060
17069
17077
17089
17097
17125
17134
17143
17152
17160
17166
17171
17184
17190
17200
17208
17216
17223
17236
17244
17252
17261
17270
17279
17288
17297
17306
17315
17324
17333
17342
17351
17360
17369
17378
17387
17396
17405
17414
17423
17432
17441
17450
17459
17468
17477
17486
17495
17504
17513
17522
17531
17540
17549
17558
17567
17576
17585
17594
17603
17612
17621
17630
17639
17648
17657
17666
17675
17684
17693
17702
17711
17720
17729
17738
17747
17756
17765
17774
17783
17792
17801
17809
17817
17827
17836
17845
17854
17863
17872
17881
17889
17893
17902
17911
17919
17925
17933
17942
17951
17960
17968
17975
17982
17991
18028
18037
18046
18054
18060
18069
18078
18086
18093
18100
18110
18119
18128
18135
18140
18147
18158
18162
18171
18180
18189
18198
18207
18216
18225
18234
18243
18252
18261
18270
18279
18288
18297
18306
18315
18324
18333
18342
18351
18360
18369
18378
18387
18396
18405
18414
18423
18432
18441
18450
18459
18468
18477
18486
18495
18504
18513
18522
18531
18540
18549
18558
18567
18576
18585
18594
18603
18612
18621
18630
18639
18648
18657
18666
18675
18684
18692
18703
18711
18720
18729
18738
18747
18756
18765
18773
18784
18793
18802
18810
18822
18829
18838
18846
18854
18862
18868
18876
18885
18894
18922
18931
18940
18949
18958
18962
18974
18982
18990
18993
19002
19011
19020
19029
19038
19046
19054
19060
19068
19076
19087
19094
19103
19112
19121
19130
19139
19148
19157
19166
19175
19184
19193
19202
19211
19220
19229
19238
19247
19256
19265
19274
19283
19292
19301
19310
19319
19328
19337
19346
19355
19364
19373
19382
19391
19400
19409
19418
19427
19436
19445
19454
19463
19472
19481
19490
19499
19508
19517
19526
19535
19544
19553
19562
19571
19579
19587
19595
19608
19617
19626
19635
19644
19652
19663
19669
19678
19687
19695
19703
19715
19724
19733
19742
19751
19760
19769
19777
19784
19792
19825
19834
19843
19852
19860
19868
19871
19878
19886
19893
19902
19911
19919
19927
19936
19945
19954
19963
19971
19985
19994
20003
20012
20021
20030
20039
20048
20057
20066
20075
20084
20093
20102
20111
20120
20129
20138
20147
20156
20165
20174
20183
20192
20201
20210
20219
20228
20237
20246
20255
20264
20273
20282
20291
20300
20309
20318
20327
20336
20345
20354
20363
20372
20381
20390
20399
20408
20417
20426
20435
20444
20453
20462
20471
20480
20489
20497
20503
20510
20519
20528
20536
20544
20552
20561
20570
20579
20588
20597
20606
20615
20623
20630
20637
20646
20655
20664
20673
20682
20690
20726
20735
20744
20751
20760
20769
20778
20787
20796
20804
20811
20820
20829
20838
20847
20856
20865
20873
20881
20889
20896
20904
20913
20922
20931
20940
20949
20958
20967
20976
20985
20994
21003
21012
21021
21030
21039
21048
21057
21066
21075
21084
21093
21102
21111
21120
21129
21138
21147
21156
21165
21174
21183
21192
21201
21210
21219
21228
21237
21246
21255
21264
21273
21282
21291
21300
21309
21318
21327
21336
21345
21354
21363
21372
21381
21389
21397
21405
21414
21423
21434
21442
21449
21456
21465
21474
21483
21492
21501
21510
21519
21528
21536
21551
21560
21569
21577
21585
21588
21594
21633
21642
21650
21656
21663
21672
21680
21688
21696
21703
21710
21717
21724
21733
21742
21751
21760
21769
21777
21785
21793
21802
21811
21820
21829
21838
21847
21856
21865
21874
21883
21892
21901
21910
21919
21928
21937
21946
21955
21964
21973
21982
21991
22000
22009
22018
22027
22036
22045
22054
22063
22072
22081
22090
22099
22108
22117
22126
22135
22144
22153
22162
22171
22180
22189
22198
22207
22216
22225
22234
22243
22252
22261
22269
22277
22285
22292
22301
22310
22319
22328
22336
22343
22350
22356
22365
22374
22383
22392
22401
22410
22419
22428
22437
22445
22449
22458
22466
22474
22485
22527
22536
22544
22553
22560
22569
22578
22587
22596
22605
22613
22617
22624
22631
22637
22646
22655
22664
22673
22681
22689
22695
22704
22713
22722
22731
22740
22749
22758
22767
22776
22785
22794
22803
22812
22821
22830
22839
22848
22857
22866
22875
22884
22893
22902
22911
22920
22929
22938
22947
22956
22965
22974
22983
22992
23001
23010
23019
23028
23037
23046
23055
23064
23073
23082
23091
23100
23109
23118
23127
23136
23145
23154
23163
23171
23183
23192
23201
23210
23219
23228
23237
23245
23248
23255
23264
23273
23282
23291
23300
23309
23318
23327
23336
23344
23353
23360
23365
23373
23386
23422
23431
23439
23447
23455
23464
23473
23482
23491
23499
23507
23511
23516
23526
23534
23542
23549
23553
23561
23569
23582
23591
23600
23609
23618
23627
23636
23645
23654
23663
23672
23681
23690
23699
23708
23717
23726
23735
23744
23753
23762
23771
23780
23789
23798
23807
23816
23825
23834
23843
23852
23861
23870
23879
23888
23897
23906
23915
23924
23933
23942
23951
23960
23969
23978
23987
23996
24005
24014
24023
24032
24041
24050
24059
24067
24075
24082
24089
24098
24107
24116
24124
24132
24141
24150
24159
24168
24177
24186
24195
24204
24213
24222
24231
24240
24248
24256
24266
24276
24284
24326
24335
24344
24352
24358
24366
24375
24384
24392
24398
24407
24416
24425
24433
24449
24457
24465
24476
24484
24493
24502
24511
24520
24529
24538
24547
24556
24565
24574
24583
24592
24601
24610
24619
24628
24637
24646
24655
24664
24673
24682
24691
24700
24709
24718
24727
24736
24745
24754
24763
24772
24781
24790
24799
24808
24817
24826
24835
24844
24853
24862
24871
24880
24889
24898
24907
24916
24925
24934
24943
24953
24961
24973
24981
24990
24999
25007
25015
25019
25024
25033
25042
25051
25060
25069
25078
25087
25096
25105
25114
25123
25132
25141
25150
25158
25165
25172
25181
25190
25198
25241
25249
25257
25269
25277
25283
25291
25304
25313
25322
25330
25337
25347
25355
25363
25370
25380
25389
25398
25407
25416
25425
25434
25443
25452
25461
25470
25479
25488
25497
25506
25515
25524
25533
25542
25551
25560
25569
25578
25587
25596
25605
25614
25623
25632
25641
25650
25659
25668
25677
25686
25695
25704
25713
25722
25731
25740
25749
25758
25767
25776
25785
25794
25803
25812
25821
25830
25839
25847
25854
25863
25872
25881
25890
25899
25907
25916
25924
25933
25942
25951
25960
25969
25978
25987
25996
26005
26014
26023
26032
26041
26050
26059
26067
26075
26083
26091
26100
26108
26117
26145
26154
26163
26172
26180
26188
26201
26210
26218
26227
26233
26242
26250
26258
26266
26275
26284
26293
26302
26311
26320
26329
26338
26347
26356
26365
26374
26383
26392
26404
26413
26422
26431
26440
26449
26458
26467
26476
26485
26494
26503
26512
26521
26530
26539
26548
26557
26566
26575
26584
26593
26602
26611
26620
26629
26638
26647
26656
26665
26674
26683
26692
26701
26710
26719
26728
26737
26746
26754
26762
26770
26778
26787
26796
26811
26820
26829
26838
26847
26856
26865
26874
26883
26892
26901
26910
26919
26928
26937
26946
26955
26964
26973
26981
26989
26995
27001
27010
27018
27025
27070
27078
27086
27091
27099
27107
27115
27124
27132
27141
27150
27158
27166
27173
27182
27191
27200
27209
27218
27227
27236
27245
27254
27263
27272
27281
27290
27299
27308
27317
27326
27335
27344
27353
27362
27371
27380
27389
27398
27407
27416
27425
27434
27443
27452
27461
27470
27479
27488
27497
27506
27515
27524
27533
27542
27551
27560
27569
27578
27587
27596
27605
27614
27623
27632
27641
27649
27656
27663
27672
27681
27690
27698
27713
27722
27731
27740
27749
27758
27767
27776
27785
27794
27803
27812
27821
27830
27839
27848
27857
27866
27875
27883
27891
27900
27907
27911
27915
27923
27935
27988
27995
28002
28008
28019
28024
28033
28041
28047
28054
28063
28072
28081
28090
28099
28108
28117
28126
28135
28144
28153
28162
28171
28180
28189
28198
28207
28216
28225
28234
28243
28252
28261
28270
28279
28288
28297
28306
28315
28324
28333
28342
28351
28360
28369
28378
28387
28396
28405
28414
28423
28432
28441
28450
28459
28468
28477
28486
28495
28504
28513
28522
28531
28540
28548
28556
28561
28569
28577
28587
28595
28602
28611
28620
28629
28638
28647
28656
28665
28674
28683
28692
28701
28710
28719
28728
28737
28746
28755
28764
28774
28782
28799
28805
28810
28818
28824
28831
28835
28843
28880
28889
28896
28903
28910
28922
28923
28933
28942
28950
28960
28966
28974
28983
28992
29001
29010
29019
29028
29037
29046
29055
29064
29073
29082
29091
29100
29109
29118
29127
29136
29145
29154
29163
29172
29181
29190
29199
29208
29217
29226
29235
29244
29253
29262
29271
29280
29289
29298
29307
29316
29325
29334
29343
29352
29361
29370
29379
29388
29397
29406
29415
29424
29433
29441
29449
29457
29464
29472
29480
29488
29496
29505
29514
29523
29532
29541
29550
29559
29568
29577
29586
29595
29604
29613
29622
29631
29640
29649
29658
29666
29674
29679
29687
29696
29705
29714
29722
29730
29737
29781
29785
29794
29797
29803
29809
29819
29824
29832
29849
29856
29861
29870
29879
29888
29897
29906
29915
29924
29933
29942
29951
29960
29969
29978
29987
29996
30005
30014
30023
30032
30041
30050
30059
30068
30077
30086
30095
30104
30113
30122
30131
30140
30149
30158
30167
30176
30185
30194
30203
30212
30221
30230
30239
30248
30257
30266
30275
30284
30293
30302
30311
30319
30327
30336
30345
30354
30363
30372
30381
30389
30397
30405
30414
30423
30432
30441
30450
30459
30468
30477
30486
30495
30504
30513
30522
30531
30540
30548
30556
30564
30573
30582
30591
30600
30609
30617
30625
30632
30640
30680
30683
30690
30696
30703
30711
30720
30730
30737
30754
30762
30771
30780
30789
30798
30807
30816
30825
30834
30843
30852
30861
30870
30879
30888
30897
30906
30915
30924
30933
30942
30951
30960
30969
30978
30987
30996
31005
31014
31023
31032
31041
31050
31059
31068
31077
31086
31095
31104
31113
31122
31131
31140
31149
31158
31167
31176
31185
31194
31202
31210
31218
31221
31230
31239
31248
31257
31265
31273
31285
31292
31301
31310
31319
31328
31337
31346
31355
31364
31373
31382
31391
31400
31409
31418
31427
31435
31441
31449
31459
31468
31477
31486
31495
31504
31512
31523
31531
31540
31549
31583
31591
31599
31606
31612
31620
31626
31633
31643
31649
31654
31662
31671
31680
31689
31698
31707
31716
31725
31734
31743
31752
31761
31770
31779
31788
31797
31806
31815
31824
31833
31842
31851
31860
31869
31878
31887
31896
31905
31914
31923
31932
31941
31950
31959
31968
31977
31986
31995
32004
32013
32022
32031
32040
32049
32058
32067
32076
32085
32094
32103
32112
32120
32129
32138
32146
32154
32161
32169
32178
32187
32196
32205
32214
32223
32232
32241
32250
32259
32268
32277
32286
32295
32304
32313
32322
32330
32342
32349
32358
32367
32375
32383
32391
32400
32409
32418
32427
32436
32445
32475
32484
32493
32502
32510
32518
32525
32535
32544
32551
32557
32563
32567
32572
32580
32594
32603
32612
32621
32630
32639
32648
32657
32666
32675
32684
32693
32702
32711
32720
32729
32738
32747
32756
32765
32774
32783
32792
32801
32810
32819
32828
32837
32846
32855
32864
32873
32882
32891
32900
32909
32918
32927
32936
32945
32954
32963
32972
32980
32988
32997
33006
33015
33024
33033
33041
33049
33055
33063
33072
33081
33090
33099
33108
33117
33126
33135
33144
33153
33162
33171
33180
33189
33198
33206
33214
33223
33232
33241
33250
33259
33268
33276
33284
33292
33299
33305
33314
33323
33332
33364
33373
33382
33391
33400
33409
33418
33426
33433
33439
33445
33451
33460
33468
33477
33482
33490
33499
33509
33518
33527
33536
33545
33554
33563
33572
33581
33590
33599
33608
33617
33626
33635
33644
33653
33662
33671
33680
33689
33698
33707
33716
33725
33734
33743
33752
33761
33770
33779
33788
33797
33806
33815
33824
33833
33842
33851
33859
33867
33879
33887
33896
33905
33914
33923
33931
33936
33944
33952
33961
33970
33979
33988
33997
34006
34015
34024
34033
34042
34051
34060
34069
34078
34087
34096
34105
34113
34121
34127
34136
34145
34154
34163
34172
34181
34189
34197
34200
34207
34216
34247
34256
34265
34274
34283
34292
34301
34310
34318
34328
34333
34337
34343
34355
34364
34373
34381
34389
34399
34406
34414
34421
34426
34435
34444
34453
34462
34471
34480
34489
34498
34507
34516
34525
34534
34543
34552
34561
34570
34579
34588
34597
34606
34615
34624
34633
34642
34651
34660
34669
34678
34687
34696
34705
34714
34723
34732
34741
34750
34758
34766
34772
34780
34788
34797
34806
34815
34824
34832
34840
34847
34856
34865
34874
34883
34892
34901
34910
34919
34928
34937
34946
34955
34964
34973
34982
34991
35000
35009
35017
35030
35039
35048
35057
35066
35074
35082
35089
35094
35103
35138
35147
35156
35165
35174
35183
35192
35201
35209
35218
35223
35227
35236
35244
35252
35261
35269
35278
35286
35293
35303
35312
35320
35332
35340
35349
35358
35367
35376
35385
35394
35403
35412
35421
35430
35439
35448
35457
35466
35475
35484
35493
35502
35511
35520
35529
35538
35547
35556
35565
35574
35583
35592
35601
35610
35619
35628
35637
35646
35655
35664
35672
35680
35688
35697
35706
35715
35723
35737
35746
35755
35764
35773
35782
35791
35800
35809
35818
35827
35836
35845
35854
35863
35872
35881
35890
35899
35907
35915
35920
35927
35936
35945
35954
35963
35973
35981
35990
36002
36011
36046
36055
36064
36073
36082
36091
36100
36108
36121
36128
36137
36146
36154
36168
36179
36187
36195
36212
36217
36223
36232
36241
36250
36259
36268
36277
36286
36295
36304
36313
36322
36331
36340
36349
36358
36367
36376
36385
36394
36403
36412
36421
36430
36439
36448
36457
36466
36475
36484
36493
36502
36511
36520
36529
36538
36547
36555
36561
36572
36581
36590
36599
36608
36617
36627
36636
36645
36654
36663
36672
36681
36690
36699
36708
36717
36726
36735
36744
36753
36762
36771
36780
36789
36798
36808
36816
36823
36834
36843
36852
36861
36869
36877
36881
36894
36903
36912
36921
36930
36939
36974
36983
36992
37001
37010
37019
37027
37038
37047
37056
37064
37071
37082
37091
37096
37105
37113
37121
37127
37135
37144
37153
37162
37171
37180
37189
37198
37207
37216
37225
37234
37243
37252
37261
37270
37279
37288
37297
37306
37315
37324
37333
37342
37351
37360
37369
37378
37387
37396
37405
37414
37423
37432
37442
37450
37459
37470
37479
37488
37496
37504
37511
37518
37527
37536
37545
37554
37563
37572
37581
37590
37599
37608
37617
37626
37635
37644
37653
37662
37671
37680
37689
37698
37707
37715
37723
37729
37737
37745
37753
37761
37768
37777
37786
37795
37804
37813
37822
37831
37840
37873
37882
37891
37900
37909
37917
37924
37932
37939
37946
37955
37962
37969
37976
37980
37986
37993
37998
38004
38013
38021
38029
38038
38048
38057
38066
38075
38084
38093
38102
38111
38120
38129
38138
38147
38156
38165
38174
38183
38192
38201
38210
38219
38228
38237
38246
38255
38264
38273
38282
38291
38300
38309
38318
38327
38336
38345
38354
38362
38366
38379
38388
38396
38404
38409
38417
38426
38435
38444
38453
38462
38471
38480
38489
38498
38507
38516
38525
38534
38543
38552
38561
38570
38579
38588
38596
38604
38616
38625
38634
38643
38651
38658
38666
38675
38684
38693
38702
38711
38720
38752
38761
38770
38779
38788
38797
38806
38815
38824
38832
38840
38848
38854
38863
38871
38879
38887
38893
38899
38906
38911
38918
38926
38933
38942
38951
38960
38969
38978
38987
38996
39005
39014
39023
39032
39041
39050
39059
39068
39077
39086
39095
39104
39113
39122
39131
39140
39149
39158
39167
39176
39185
39194
39203
39212
39221
39230
39239
39247
39255
39263
39271
39280
39288
39296
39305
39314
39323
39332
39341
39350
39359
39368
39377
39386
39395
39404
39413
39422
39431
39440
39449
39458
39467
39476
39485
39494
39503
39511
39519
39525
39533
39541
39549
39557
39564
39575
39584
39593
39602
39636
39645
39654
39663
39672
39681
39690
39699
39708
39717
39726
39735
39744
39752
39760
39766
39777
39786
39794
39803
39809
39817
39823
39830
39839
39845
39853
39860
39869
39878
39887
39896
39905
39914
39923
39932
39941
39950
39959
39968
39977
39986
39995
40004
40013
40022
40031
40040
40049
40058
40067
40076
40085
40094
40103
40112
40121
40130
40139
40147
40156
40158
40164
40172
40181
40191
40200
40209
40218
40227
40236
40245
40254
40263
40272
40281
40290
40299
40308
40317
40326
40335
40344
40353
40362
40371
40380
40389
40398
40406
40416
40425
40434
40442
40449
40458
40467
40476
40485
40494
40527
40536
40545
40554
40563
40572
40581
40590
40599
40608
40617
40625
40632
40640
40648
40653
40659
40667
40676
40685
40694
40702
40709
40725
40733
40739
40743
40751
40760
40770
40779
40788
40797
40806
40815
40824
40833
40842
40851
40860
40869
40878
40887
40896
40905
40914
40923
40932
40941
40950
40959
40968
40977
40986
40995
41004
41013
41022
41031
41039
41047
41052
41060
41067
41075
41083
41089
41098
41107
41116
41125
41134
41143
41152
41161
41170
41179
41188
41197
41206
41215
41224
41233
41242
41251
41260
41269
41278
41287
41296
41304
41311
41322
41331
41338
41346
41355
41364
41373
41382
41423
41432
41441
41450
41459
41468
41477
41486
41495
41504
41513
41522
41531
41540
41549
41558
41566
41581
41590
41597
41604
41609
41615
41622
41627
41639
41648
41657
41666
41675
41684
41693
41702
41711
41720
41729
41738
41747
41756
41765
41774
41783
41792
41801
41810
41819
41828
41837
41846
41855
41864
41873
41882
41891
41900
41909
41918
41927
41935
41943
41948
41956
41965
41974
41989
41999
42008
42017
42026
42035
42044
42053
42062
42071
42080
42089
42098
42107
42116
42125
42134
42143
42152
42161
42170
42179
42188
42197
42205
42213
42216
42226
42234
42242
42250
42257
42264
42273
42282
42291
42328
42337
42346
42355
42364
42373
42382
42391
42400
42409
42418
42427
42436
42444
42452
42459
42468
42477
42486
42495
42503
42511
42517
42527
42532
42541
42551
42558
42566
42573
42582
42591
42600
42609
42618
42627
42636
42645
42654
42663
42672
42681
42690
42699
42708
42717
42726
42735
42744
42753
42762
42771
42780
42789
42798
42807
42816
42824
42832
42840
42847
42856
42865
42875
42883
42893
42898
42906
42915
42924
42933
42942
42951
42960
42969
42978
42987
42996
43005
43014
43023
43032
43041
43050
43059
43068
43077
43086
43094
43101
43108
43117
43125
43133
43142
43148
43157
43166
43175
43184
43215
43224
43233
43242
43251
43260
43269
43278
43287
43296
43305
43313
43321
43328
43336
43345
43354
43363
43372
43381
43390
43399
43407
43415
43421
43429
43438
43446
43454
43458
43465
43472
43479
43487
43496
43505
43514
43523
43532
43541
43550
43559
43568
43577
43586
43595
43604
43613
43622
43631
43640
43649
43658
43667
43676
43685
43694
43703
43712
43721
43730
43739
43747
43756
43766
43774
43782
43789
43798
43807
43816
43825
43834
43843
43852
43861
43870
43879
43888
43897
43906
43915
43924
43933
43942
43951
43960
43969
43978
43986
43994
44000
44011
44019
44027
44035
44040
44048
44056
44065
44102
44111
44120
44129
44138
44147
44156
44165
44174
44183
44192
44200
44208
44219
44230
44239
44248
44257
44266
44275
44284
44292
44300
44307
44315
44324
44333
44342
44350
44358
44369
44373
44383
44390
44402
44411
44420
44429
44438
44447
44456
44465
44474
44483
44492
44501
44510
44519
44528
44537
44546
44555
44564
44573
44582
44591
44600
44609
44618
44627
44633
44641
44649
44656
44664
44672
44677
44685
44693
44699
44707
44716
44725
44734
44743
44752
44761
44770
44779
44788
44797
44806
44815
44824
44833
44842
44851
44860
44869
44878
44886
44895
44904
44913
44922
44930
44938
44953
44962
44971
45015
45024
45033
45042
45051
45060
45069
45078
45087
45096
45105
45113
45121
45129
45138
45147
45156
45165
45174
45183
45191
45199
45207
45213
45222
45231
45240
45248
45256
45264
45271
45274
45282
45290
45299
45305
45314
45323
45332
45341
45350
45359
45368
45377
45386
45395
45404
45413
45422
45431
45440
45449
45458
45467
45476
45485
45494
45503
45512
45521
45530
45539
45548
45556
45564
45575
45587
45595
45603
45611
45620
45629
45638
45647
45656
45665
45674
45683
45692
45701
45710
45719
45728
45737
45746
45756
45764
45772
45779
45788
45797
45806
45815
45824
45832
45840
45852
45861
45870
45879
45923
45932
45941
45950
45959
45968
45977
45986
45995
46003
46011
46025
46034
46043
46052
46061
46069
46077
46088
46097
46106
46115
46124
46133
46141
46149
46153
46162
46173
46181
46189
46195
46202
46211
46220
46229
46238
46247
46256
46265
46274
46283
46292
46301
46310
46319
46328
46337
46346
46355
46364
46373
46382
46391
46400
46409
46418
46427
46436
46445
46455
46463
46471
46481
46489
46495
46503
46511
46519
46527
46535
46544
46553
46562
46571
46580
46589
46598
46607
46616
46625
46634
46643
46651
46659
46664
46671
46680
46689
46698
46707
46716
46725
46733
46741
46757
46766
46775
46784
46793
46834
46843
46852
46861
46870
46879
46888
46897
46906
46914
46922
46930
46937
46946
46955
46963
46971
46979
46987
46996
47005
47014
47022
47030
47038
47044
47052
47061
47070
47079
47087
47095
47108
47117
47126
47135
47144
47153
47162
47171
47180
47189
47198
47207
47216
47225
47234
47243
47252
47261
47270
47279
47288
47297
47306
47315
47324
47333
47342
47351
47360
47368
47376
47386
47393
47404
47412
47425
47434
47443
47452
47461
47470
47479
47488
47497
47506
47515
47524
47533
47542
47550
47558
47565
47570
47578
47587
47596
47605
47613
47621
47627
47635
47644
47653
47662
47671
47680
47689
47698
47738
47747
47756
47765
47774
47783
47792
47801
47809
47817
47829
47838
47847
47855
47863
47869
47876
47885
47894
47903
47911
47919
47927
47934
47943
47952
47961
47970
47979
47988
47997
48005
48013
48021
48035
48044
48053
48062
48071
48080
48089
48098
48107
48116
48125
48134
48143
48152
48161
48170
48179
48188
48197
48206
48215
48224
48233
48242
48251
48260
48269
48277
48285
48294
48303
48312
48320
48328
48336
48345
48353
48362
48371
48380
48389
48398
48407
48416
48425
48434
48442
48451
48458
48464
48473
48482
48490
48498
48506
48516
48524
48533
48542
48551
48560
48569
48578
48587
48596
48605
48645
48654
48663
48672
48681
48690
48699
48708
48716
48724
48733
48742
48750
48758
48766
48772
48780
48789
48798
48806
48814
48820
48828
48837
48846
48855
48864
48873
48882
48891
48898
48906
48914
48922
48929
48938
48947
48956
48965
48974
48983
48992
49001
49010
49019
49028
49037
49046
49055
49064
49073
49082
49091
49100
49109
49118
49127
49136
49145
49154
49163
49172
49180
49188
49194
49202
49211
49220
49229
49237
49245
49251
49259
49268
49277
49286
49295
49304
49313
49322
49331
49342
49350
49358
49365
49376
49385
49394
49403
49411
49419
49426
49433
49442
49451
49460
49469
49478
49487
49496
49530
49539
49548
49557
49566
49575
49582
49590
49598
49605
49613
49622
49631
49640
49649
49658
49666
49674
49682
49686
49695
49704
49713
49722
49730
49738
49746
49753
49762
49771
49780
49789
49797
49805
49813
49819
49827
49836
49845
49854
49863
49872
49881
49890
49899
49908
49917
49926
49935
49944
49953
49962
49971
49980
49989
49998
50007
50016
50025
50034
50043
50052
50061
50069
50077
50085
50092
50101
50110
50119
50128
50136
50147
50156
50165
50174
50183
50192
50201
50210
50219
50228
50236
50244
50251
50260
50269
50278
50287
50295
50303
50311
50319
50328
50336
50345
50354
50363
50372
50381
50418
50427
50436
50445
50454
50463
50472
50481
50490
50498
50506
50514
50520
50529
50538
50547
50556
50564
50572
50578
50585
50594
50603
50612
50621
50629
50637
50643
50651
50660
50669
50678
50687
50696
50704
50712
50720
50727
50734
50743
50752
50761
50770
50779
50788
50797
50806
50815
50824
50833
50842
50851
50860
50869
50878
50887
50896
50905
50914
50923
50932
50941
50950
50959
50967
50975
50983
50991
51000
51009
51018
51027
51036
51044
51054
51062
51071
51080
51089
51098
51107
51116
51125
51133
51141
51153
51161
51170
51179
51190
51198
51206
51212
51219
51228
51236
51250
51263
51274
51283
51327
51336
51345
51354
51363
51372
51381
51390
51399
51407
51415
51424
51433
51442
51451
51460
51468
51476
51489
51495
51504
51513
51522
51531
51540
51548
51556
51567
51576
51585
51593
51601
51608
51616
51623
51632
51641
51650
51659
51668
51677
51686
51695
51704
51713
51722
51731
51740
51749
51758
51767
51776
51785
51794
51803
51812
51821
51830
51839
51848
51857
51866
51874
51882
51890
51899
51908
51917
51926
51934
51942
51954
51963
51972
51981
51990
51999
52008
52017
52026
52034
52042
52050
52058
52066
52073
52081
52089
52097
52100
52110
52119
52128
52137
52146
52155
52164
52173
52182
52191
52234
52243
52252
52261
52270
52279
52288
52297
52305
52313
52320
52336
52345
52354
52363
52372
52380
52390
52398
52407
52416
52425
52434
52442
52450
52458
52465
52473
52481
52489
52497
52505
52513
52522
52531
52540
52549
52558
52567
52576
52585
52594
52603
52612
52621
52630
52639
52648
52657
52666
52675
52684
52693
52702
52711
52720
52729
52738
52747
52756
52763
52771
52780
52787
52796
52805
52814
52822
52830
52836
52848
52857
52866
52875
52884
52893
52902
52911
52920
52929
52938
52947
52955
52963
52970
52979
52987
52996
53005
53014
53023
53032
53041
53050
53059
53068
53077
53086
53095
53104
53146
53155
53164
53173
53182
53191
53200
53209
53217
53225
53233
53242
53251
53259
53267
53277
53289
53298
53307
53316
53325
53334
53343
53351
53359
53366
53374
53381
53388
53396
53404
53413
53423
53432
53441
53450
53459
53468
53477
53486
53495
53504
53513
53522
53531
53540
53549
53558
53567
53576
53585
53594
53603
53612
53621
53630
53639
53648
53657
53667
53675
53683
53694
53703
53711
53719
53727
53737
53745
53754
53763
53772
53781
53790
53799
53808
53817
53826
53835
53843
53851
53860
53869
53878
53886
53894
53902
53909
53916
53925
53934
53943
53952
53961
53970
53979
53988
53997
54006
54015
54051
54060
54069
54079
54087
54095
54100
54108
54117
54126
54135
54144
54152
54160
54168
54176
54183
54192
54201
54210
54219
54228
54237
54245
54253
54261
54269
54278
54286
54294
54302
54305
54315
54324
54333
54342
54351
54360
54369
54378
54387
54396
54405
54414
54423
54432
54441
54450
54459
54468
54477
54486
54495
54504
54513
54522
54531
54540
54549
54558
54567
54575
54583
54591
54594
54604
54612
54620
54628
54636
54646
54654
54663
54672
54681
54690
54699
54708
54717
54726
54735
54744
54752
54760
54772
54780
54789
54798
54806
54814
54819
54825
54834
54843
54852
54861
54870
54879
54888
54897
54934
54943
54952
54961
54969
54977
54985
54992
55000
55009
55018
55027
55036
55045
55053
55061
55069
55076
55085
55094
55103
55112
55121
55130
55139
55148
55157
55168
55175
55182
55188
55198
55205
55214
55223
55232
55241
55250
55259
55268
55277
55286
55295
55304
55313
55322
55331
55340
55349
55358
55367
55376
55385
55394
55403
55412
55421
55430
55439
55448
55457
55466
55474
55482
55488
55496
55504
55511
55519
55527
55535
55542
55549
55558
55567
55576
55585
55594
55603
55612
55621
55630
55639
55648
55656
55664
55678
55687
55695
55703
55711
55720
55729
55738
55747
55756
55765
55774
55783
55792
55829
55838
55847
55856
55865
55874
55882
55890
55898
55905
55914
55923
55932
55941
55949
55957
55968
55976
55985
55994
56003
56012
56021
56030
56039
56048
56057
56065
56073
56079
56085
56092
56099
56107
56114
56123
56132
56141
56150
56159
56168
56177
56186
56195
56204
56213
56222
56231
56240
56249
56258
56267
56276
56285
56294
56303
56312
56321
56330
56339
56348
56357
56366
56375
56383
56391
56399
56408
56415
56423
56431
56441
56448
56457
56466
56475
56484
56493
56502
56511
56520
56529
56538
56547
56556
56561
56569
56577
56584
56596
56605
56612
56620
56628
56637
56646
56655
56664
56673
56682
56721
56730
56739
56748
56757
56766
56774
56782
56789
56796
56805
56814
56823
56832
56840
56849
56861
56870
56879
56888
56897
56906
56915
56924
56933
56942
56951
56960
56969
56978
56983
56989
56996
57003
57010
57018
57023
57029
57038
57047
57056
57065
57074
57083
57092
57101
57110
57119
57128
57137
57146
57155
57164
57173
57182
57191
57200
57209
57218
57227
57236
57245
57254
57263
57271
57279
57288
57297
57306
57314
57321
57330
57339
57348
57357
57366
57375
57384
57393
57402
57411
57420
57429
57438
57447
57456
57464
57472
57480
57486
57493
57498
57502
57509
57517
57529
57536
57545
57554
57563
57603
57612
57621
57630
57639
57647
57655
57663
57673
57680
57689
57698
57707
57716
57725
57733
57741
57749
57763
57772
57781
57790
57799
57808
57817
57826
57835
57844
57853
57862
57871
57880
57889
57898
57906
57914
57921
57927
57932
57941
57947
57958
57967
57976
57985
57994
58003
58012
58021
58030
58039
58048
58057
58066
58075
58084
58093
58102
58111
58120
58129
58138
58147
58156
58165
58168
58174
58181
58188
58195
58200
58207
58214
58222
58231
58240
58249
58258
58267
58276
58285
58294
58303
58312
58321
58330
58339
58348
58356
58364
58378
58387
58396
58405
58413
58421
58430
58439
58448
58457
58492
58501
58510
58519
58528
58541
58549
58557
58566
58573
58582
58591
58600
58609
58618
58627
58635
58643
58649
58656
58665
58674
58683
58692
58701
58710
58719
58728
58737
58746
58755
58764
58773
58782
58791
58800
58808
58816
58823
58831
58839
58847
58853
58862
58871
58880
58889
58898
58907
58916
58925
58934
58943
58952
58961
58970
58979
58988
58997
59006
59015
59024
59033
59042
59051
59060
59069
59077
59084
59091
59098
59106
59115
59120
59129
59138
59147
59156
59165
59174
59183
59192
59201
59210
59219
59228
59237
59246
59254
59261
59268
59276
59285
59294
59302
59310
59318
59326
59332
59338
59383
59392
59401
59410
59419
59428
59437
59446
59456
59464
59472
59479
59486
59495
59504
59513
59522
59532
59540
59548
59559
59567
59576
59585
59594
59603
59612
59621
59630
59639
59648
59657
59666
59675
59684
59693
59702
59710
59718
59726
59733
59740
59745
59758
59768
59777
59786
59795
59804
59813
59822
59831
59840
59849
59858
59867
59876
59885
59894
59903
59912
59921
59930
59939
59948
59957
59966
59975
59983
59991
59996
60003
60010
60016
60023
60031
60040
60049
60058
60067
60076
60085
60094
60103
60112
60120
60128
60136
60142
60150
60159
60168
60177
60185
60194
60203
60212
60221
60230
60239
60277
60286
60295
60304
60313
60322
60331
60340
60349
60358
60367
60374
60382
60390
60400
60409
60420
60428
60436
60442
60451
60460
60469
60478
60487
60496
60505
60514
60523
60532
60541
60550
60559
60568
60577
60586
60595
60604
60613
60621
60629
60637
60642
60651
60659
60669
60679
60688
60697
60706
60715
60724
60733
60742
60751
60760
60769
60778
60787
60796
60805
60814
60823
60832
60841
60850
60859
60868
60877
60886
60895
60904
60912
60919
60926
60930
60937
60943
60951
60960
60970
60979
60988
60997
61006
61014
61022
61030
61038
61048
61057
61065
61073
61081
61087
61095
61104
61113
61122
61131
61167
61176
61185
61194
61203
61212
61221
61230
61239
61247
61255
61266
61272
61281
61290
61299
61308
61317
61326
61334
61342
61350
61356
61364
61373
61382
61391
61400
61409
61418
61427
61436
61445
61454
61463
61472
61481
61490
61499
61507
61515
61523
61534
61543
61552
61561
61568
61576
61584
61592
61601
61610
61619
61628
61637
61646
61655
61664
61673
61682
61691
61700
61709
61718
61727
61736
61745
61754
61763
61772
61781
61790
61799
61807
61815
61821
61829
61838
61846
61854
61869
61878
61887
61896
61905
61914
61922
61930
61938
61946
61955
61964
61972
61980
61992
62001
62010
62019
62028
62037
62059
62068
62077
62086
62095
62104
62113
62122
62131
62140
62149
62159
62167
62182
62190
62199
62208
62216
62224
62232
62240
62248
62257
62266
62275
62284
62293
62302
62311
62320
62329
62338
62347
62356
62365
62374
62383
62392
62400
62408
62416
62422
62433
62442
62451
62458
62466
62474
62478
62484
62493
62502
62511
62520
62529
62538
62547
62556
62565
62574
62583
62592
62601
62610
62619
62628
62637
62646
62655
62664
62673
62682
62691
62699
62707
62715
62723
62732
62740
62748
62756
62764
62771
62778
62787
62796
62805
62814
62822
62830
62838
62844
62853
62862
62871
62879
62887
62894
62903
62912
62946
62955
62964
62973
62982
62991
63000
63009
63018
63027
63036
63045
63054
63062
63070
63076
63082
63090
63099
63108
63117
63126
63135
63144
63152
63160
63166
63178
63187
63196
63205
63214
63223
63232
63241
63250
63259
63268
63277
63286
63295
63303
63311
63319
63326
63332
63341
63349
63357
63365
63371
63381
63390
63399
63408
63417
63426
63435
63444
63453
63462
63471
63480
63489
63498
63507
63516
63525
63534
63543
63552
63561
63570
63579
63587
63594
63602
63611
63620
63629
63638
63647
63656
63666
63674
63682
63687
63694
63703
63712
63721
63729
63738
63749
63756
63765
63774
63782
63790
63799
63849
63858
63867
63876
63885
63894
63903
63912
63921
63930
63939
63948
63957
63965
63977
63988
63997
64006
64015
64024
64033
64041
64049
64057
64067
64076
64085
64094
64103
64112
64121
64130
64139
64148
64157
64166
64175
64184
64193
64202
64210
64219
64228
64237
64246
64254
64262
64270
64280
64289
64298
64307
64316
64325
64334
64343
64352
64361
64370
64379
64388
64397
64406
64415
64424
64433
64442
64451
64460
64469
64477
64485
64491
64502
64511
64520
64529
64538
64547
64556
64566
64574
64585
64594
64603
64612
64621
64629
64637
64648
64656
64665
64673
64681
64687
64696
64703
64712
64721
64730
64771
64780
64789
64798
64807
64816
64825
64834
64843
64852
64861
64869
64877
64888
64893
64902
64911
64920
64929
64938
64947
64955
64963
64973
64982
64991
65000
65009
65018
65027
65036
65045
65054
65063
65072
65081
65089
65097
65105
65112
65121
65129
65137
65141
65151
65160
65169
65178
65187
65196
65205
65214
65223
65232
65241
65250
65259
65268
65277
65286
65295
65304
65313
65322
65331
65340
65349
65358
65367
65376
65385
65394
65402
65410
65414
65420
65428
65437
65446
65455
65464
65472
65480
65488
65495
65504
65512
65521
65529
65537
65550
65562
65570
65578
65587
65596
65605
65614
65623
65632
65672
65681
65690
65699
65708
65717
65726
65735
65744
65753
65762
65774
65782
65790
65798
65805
65814
65823
65832
65840
65848
65862
65871
65880
65889
65898
65907
65916
65925
65934
65943
65952
65961
65971
65976
65984
65992
65999
66008
66014
66022
66030
66038
66050
66060
66069
66078
66087
66096
66105
66114
66123
66132
66141
66150
66159
66168
66177
66186
66195
66204
66213
66222
66231
66240
66249
66258
66267
66276
66285
66293
66301
66309
66315
66324
66333
66342
66351
66360
66369
66380
66388
66396
66404
66411
66416
66425
66433
66441
66449
66456
66467
66474
66482
66490
66500
66509
66518
66527
66536
66572
66579
66588
66597
66606
66615
66624
66633
66642
66651
66659
66667
66675
66681
66690
66699
66708
66717
66726
66734
66742
66750
66757
66766
66775
66784
66793
66802
66811
66820
66829
66838
66847
66856
66865
66874
66883
66891
66899
66906
66912
66919
66926
66934
66942
66949
66960
66969
66978
66987
66996
67005
67014
67023
67032
67041
67050
67059
67068
67077
67086
67095
67104
67113
67122
67131
67140
67149
67158
67167
67176
67184
67192
67202
67209
67218
67227
67236
67245
67254
67263
67272
67280
67288
67301
67310
67319
67328
67337
67345
67356
67366
67374
67382
67390
67398
67407
67416
67425
67434
67483
67492
67501
67510
67519
67528
67537
67546
67554
67562
67570
67573
67581
67590
67599
67608
67617
67625
67633
67641
67643
67650
67659
67668
67677
67686
67695
67704
67713
67722
67731
67740
67749
67758
67767
67776
67785
67793
67801
67808
67814
67820
67828
67838
67847
67856
67865
67874
67883
67892
67901
67910
67919
67928
67937
67946
67955
67964
67973
67982
67991
68000
68009
68018
68027
68036
68045
68054
68063
68072
68081
68089
68097
68105
68113
68119
68127
68136
68145
68154
68163
68172
68181
68190
68198
68212
68220
68228
68235
68243
68256
68265
68273
68281
68289
68298
68307
68316
68325
68334
68367
68376
68385
68394
68403
68412
68421
68430
68439
68448
68456
68464
68471
68479
68488
68497
68506
68515
68524
68532
68540
68548
68553
68558
68569
68578
68587
68596
68605
68614
68623
68632
68641
68650
68659
68668
68677
68685
68693
68702
68709
68716
68723
68729
68740
68748
68756
68765
68774
68783
68792
68801
68810
68819
68828
68837
68846
68855
68864
68873
68882
68891
68900
68909
68918
68927
68936
68945
68954
68963
68972
68981
68990
68999
69008
69016
69024
69035
69039
69048
69056
69064
69072
69077
69085
69094
69103
69111
69119
69128
69137
69146
69155
69164
69172
69183
69193
69202
69211
69220
69245
69254
69263
69272
69281
69290
69299
69308
69317
69326
69335
69344
69353
69361
69369
69377
69380
69390
69399
69408
69417
69426
69435
69444
69452
69461
69469
69478
69487
69496
69505
69514
69523
69532
69541
69550
69559
69568
69577
69586
69595
69604
69613
69622
69630
69638
69645
69650
69657
69665
69672
69679
69688
69697
69706
69715
69724
69733
69742
69751
69760
69769
69778
69787
69796
69805
69814
69823
69832
69841
69850
69859
69868
69877
69886
69895
69903
69911
69919
69926
69934
69942
69950
69958
69966
69976
69985
69993
70001
70009
70016
70024
70033
70042
70051
70060
70068
70076
70087
70096
70134
70143
70152
70161
70170
70179
70188
70197
70206
70215
70224
70233
70242
70250
70257
70264
70275
70284
70293
70302
70311
70320
70329
70338
70346
70354
70374
70383
70392
70401
70410
70419
70428
70437
70446
70455
70464
70473
70482
70491
70500
70509
70518
70529
70537
70545
70552
70560
70566
70575
70583
70591
70600
70609
70618
70627
70636
70645
70654
70663
70672
70681
70690
70699
70708
70717
70726
70735
70744
70753
70762
70771
70780
70789
70798
70807
70815
70822
70830
70839
70848
70856
70864
70875
70878
70887
70895
70903
70911
70918
70926
70935
70944
70953
70961
70969
70977
70985
70994
71003
71044
71053
71062
71071
71080
71089
71098
71107
71116
71125
71134
71142
71150
71158
71170
71174
71183
71192
71201
71210
71219
71228
71237
71244
71252
71260
71269
71278
71287
71296
71305
71314
71323
71332
71341
71350
71359
71368
71377
71386
71395
71404
71413
71422
71433
71441
71449
71453
71463
71472
71482
71491
71500
71509
71518
71527
71536
71545
71554
71563
71572
71581
71590
71599
71608
71617
71626
71635
71644
71653
71662
71671
71680
71689
71698
71707
71718
71727
71734
71740
71749
71760
71769
71775
71787
71795
71803
71811
71819
71828
71837
71846
71854
71862
71870
71879
71888
71897
71906
71915
71942
71951
71960
71969
71978
71987
71996
72005
72014
72023
72032
72041
72050
72059
72067
72075
72083
72092
72101
72110
72119
72128
72137
72145
72153
72162
72172
72181
72190
72199
72208
72217
72226
72235
72244
72253
72262
72271
72280
72289
72298
72307
72315
72323
72331
72338
72346
72359
72367
72379
72388
72397
72406
72415
72424
72433
72442
72451
72460
72469
72478
72487
72496
72505
72514
72523
72532
72541
72550
72559
72568
72577
72586
72595
72604
72613
72619
72627
72635
72642
72648
72655
72663
72671
72679
72685
72693
72700
72708
72716
72728
72737
72745
72753
72761
72769
72773
72778
72787
72796
72838
72847
72856
72865
72874
72883
72892
72901
72910
72919
72928
72937
72946
72955
72963
72971
72976
72988
72997
73006
73015
73024
73033
73042
73049
73056
73065
73074
73083
73092
73101
73110
73119
73128
73137
73146
73155
73164
73173
73182
73191
73199
73207
73215
73223
73230
73239
73248
73256
73268
73277
73286
73295
73304
73313
73322
73331
73340
73349
73358
73367
73376
73385
73394
73403
73412
73421
73430
73439
73448
73457
73466
73475
73484
73493
73502
73511
73519
73527
73535
73542
73549
73557
73565
73573
73580
73587
73596
73605
73613
73621
73629
73640
73648
73656
73664
73675
73680
73689
73698
73738
73747
73756
73765
73774
73783
73792
73801
73810
73819
73828
73836
73844
73859
73868
73877
73886
73895
73904
73913
73922
73930
73938
73946
73953
73960
73969
73978
73987
73996
74005
74014
74023
74032
74041
74050
74059
74068
74077
74086
74095
74103
74111
74119
74127
74136
74145
74152
74160
74167
74175
74184
74193
74202
74211
74220
74229
74238
74247
74256
74265
74274
74283
74292
74301
74310
74319
74328
74337
74346
74355
74364
74373
74382
74391
74400
74409
74418
74427
74435
74443
74451
74456
74464
74473
74481
74489
74497
74503
74511
74520
74528
74536
74543
74554
74563
74571
74580
74588
74597
74639
74648
74657
74666
74675
74684
74693
74702
74711
74720
74728
74737
74745
74754
74763
74772
74781
74790
74799
74808
74816
74828
74837
74846
74855
74864
74873
74882
74891
74900
74909
74918
74927
74936
74945
74954
74963
74972
74981
74990
74999
75008
75017
75025
75033
75041
75048
75053
75067
75075
75082
75089
75096
75105
75114
75123
75132
75141
75150
75159
75168
75177
75186
75195
75204
75213
75222
75231
75240
75249
75258
75267
75276
75285
75294
75303
75312
75321
75330
75338
75346
75355
75361
75371
75379
75387
75394
75406
75415
75424
75432
75440
75448
75456
75464
75473
75481
75491
75501
75510
75552
75561
75570
75579
75588
75597
75605
75613
75621
75628
75637
75646
75655
75664
75673
75682
75691
75700
75708
75716
75725
75734
75743
75752
75761
75770
75779
75788
75797
75806
75815
75824
75833
75842
75851
75860
75869
75878
75887
75896
75905
75913
75921
75929
75940
75946
75955
75964
75972
75985
75994
76003
76012
76021
76030
76039
76048
76057
76066
76075
76084
76093
76102
76111
76120
76129
76138
76147
76156
76165
76174
76183
76192
76201
76210
76219
76228
76237
76245
76253
76259
76266
76278
76286
76294
76300
76308
76317
76325
76333
76341
76348
76357
76365
76372
76381
76390
76399
76408
76417
76459
76468
76477
76486
76495
76504
76512
76520
76524
76536
76545
76554
76563
76572
76581
76590
76599
76608
76618
76626
76634
76646
76654
76663
76672
76681
76690
76699
76708
76717
76726
76735
76744
76753
76762
76771
76780
76789
76798
76806
76814
76819
76830
76839
76848
76857
76865
76873
76883
76891
76900
76909
76918
76927
76936
76945
76954
76963
76972
76981
76990
76999
77008
77017
77026
77035
77044
77053
77062
77071
77080
77089
77098
77107
77116
77125
77134
77142
77150
77158
77166
77170
77179
77187
77192
77201
77210
77219
77228
77236
77244
77251
77256
77263
77270
77278
77290
77299
77308
77317
77357
77366
77375
77384
77393
77403
77411
77419
77433
77442
77451
77460
77469
77478
77487
77496
77505
77513
77521
77535
77543
77552
77561
77570
77579
77588
77597
77606
77615
77624
77633
77642
77651
77660
77669
77677
77685
77693
77701
77710
77719
77728
77737
77745
77754
77763
77772
77781
77790
77799
77808
77817
77826
77835
77844
77853
77862
77871
77880
77889
77898
77907
77916
77925
77934
77943
77952
77961
77970
77979
77988
77997
78006
78015
78024
78033
78042
78051
78059
78065
78069
78076
78083
78089
78099
78108
78116
78125
78134
78140
78148
78155
78160
78166
78170
78179
78187
78193
78203
78212
78248
78257
78266
78275
78284
78293
78302
78313
78321
78329
78337
78340
78349
78358
78367
78376
78385
78394
78403
78411
78418
78427
78436
78445
78454
78463
78472
78481
78490
78499
78508
78517
78526
78535
78544
78553
78562
78571
78581
78589
78597
78604
78611
78620
78628
78638
78646
78655
78664
78673
78682
78691
78700
78709
78718
78727
78736
78745
78754
78763
78772
78781
78790
78799
78808
78817
78826
78835
78844
78853
78862
78871
78880
78889
78898
78907
78916
78925
78934
78943
78952
78961
78970
78975
78983
78991
78998
79010
79020
79028
79035
79044
79052
79059
79065
79073
79081
79090
79099
79108
79148
79157
79166
79175
79184
79193
79202
79211
79219
79227
79235
79242
79249
79258
79267
79277
79285
79293
79301
79307
79316
79325
79334
79343
79352
79361
79370
79379
79388
79397
79406
79415
79424
79433
79442
79451
79460
79468
79476
79484
79495
79503
79511
79519
79532
79541
79550
79559
79568
79577
79586
79595
79604
79613
79622
79631
79640
79649
79658
79667
79676
79685
79694
79703
79712
79721
79730
79739
79748
79757
79766
79775
79784
79793
79802
79811
79820
79829
79838
79847
79856
79865
79874
79883
79891
79899
79906
79914
79921
79928
79935
79940
79949
79957
79965
79971
79977
79985
79991
80000
80015
80024
80033
80042
80051
80060
80069
80078
80087
80096
80105
80114
80123
80131
80139
80143
80152
80161
80170
80182
80190
80198
80212
80221
80230
80239
80248
80257
80266
80275
80284
80293
80302
80311
80320
80329
80338
80347
80355
80363
80371
80378
80387
80394
80403
80411
80419
80426
80437
80446
80455
80464
80473
80482
80491
80500
80509
80518
80527
80536
80545
80554
80563
80572
80581
80590
80599
80608
80617
80626
80635
80644
80653
80662
80671
80680
80689
80698
80707
80716
80725
80734
80743
80752
80761
80770
80779
80788
80796
80803
80810
80816
80822
80828
80838
80847
80856
80865
80873
80880
80941
80950
80959
80968
80977
80986
80995
81004
81016
81024
81032
81040
81048
81057
81066
81075
81085
81093
81101
81108
81115
81123
81132
81141
81150
81159
81168
81177
81186
81195
81204
81213
81222
81231
81240
81249
81257
81265
81273
81279
81292
81300
81307
81316
81325
81334
81343
81352
81361
81370
81379
81388
81397
81406
81415
81424
81433
81442
81451
81460
81469
81478
81487
81496
81505
81514
81523
81532
81541
81550
81559
81568
81577
81586
81595
81604
81613
81622
81631
81640
81651
81658
81666
81674
81681
81688
81697
81705
81713
81721
81730
81740
81749
81758
81767
81776
81784
81792
81800
81804
81854
81863
81872
81881
81890
81899
81907
81915
81923
81933
81942
81951
81960
81969
81978
81986
81994
82001
82009
82018
82027
82036
82045
82054
82063
82072
82081
82090
82099
82108
82117
82126
82135
82144
82154
82162
82170
82177
82185
82193
82201
82209
82217
82226
82235
82244
82253
82262
82271
82280
82289
82298
82307
82316
82325
82334
82343
82352
82361
82370
82379
82388
82397
82406
82415
82424
82433
82442
82451
82460
82469
82478
82487
82496
82505
82514
82523
82532
82541
82551
82559
82567
82575
82583
82590
82598
82606
82616
82625
82634
82643
82652
82661
82670
82678
82686
82694
82701
82711
82720
82787
82795
82803
82811
82819
82824
82830
82839
82848
82857
82866
82875
82883
82891
82896
82905
82914
82923
82932
82941
82950
82959
82968
82977
82986
82995
83004
83013
83022
83031
83040
83049
83058
83067
83074
83082
83089
83099
83107
83118
83127
83136
83145
83154
83163
83172
83181
83190
83199
83208
83217
83226
83235
83244
83253
83262
83271
83280
83289
83298
83307
83316
83325
83334
83343
83352
83361
83370
83379
83388
83397
83406
83415
83424
83433
83442
83450
83458
83465
83472
83479
83486
83492
83503
83510
83518
83527
83536
83545
83553
83561
83569
83575
83583
83592
83601
83610
83619
83628
83637
83690
83698
83705
83713
83721
83729
83736
83745
83754
83763
83772
83780
83788
83796
83805
83814
83823
83832
83841
83850
83859
83868
83877
83886
83895
83904
83913
83922
83931
83940
83948
83958
83966
83973
83979
83986
83993
83999
84005
84014
84023
84032
84041
84050
84059
84068
84077
84086
84095
84104
84113
84122
84131
84140
84149
84158
84167
84176
84185
84194
84203
84212
84221
84230
84239
84248
84257
84266
84275
84284
84293
84302
84311
84320
84329
84338
84347
84356
84364
84371
84379
84386
84392
84399
84406
84417
84426
84438
84446
84454
84467
84476
84485
84494
84503
84512
84521
84530
84539
84548
84615
84623
84630
84640
84649
84658
84666
84674
84680
84688
84697
84706
84715
84724
84733
84742
84751
84760
84769
84778
84787
84796
84805
84814
84823
84832
84841
84849
84856
84864
84868
84880
84888
84896
84903
84912
84921
84930
84939
84948
84957
84966
84975
84984
84993
85002
85011
85020
85029
85038
85047
85056
85065
85074
85083
85092
85101
85110
85119
85128
85137
85146
85155
85164
85173
85182
85191
85200
85209
85218
85227
85236
85245
85249
85257
85265
85272
85279
85292
85298
85306
85310
85320
85328
85336
85344
85351
85358
85367
85376
85385
85394
85403
85412
85421
85430
85439
85448
85457
85466
85512
85519
85524
85531
85544
85549
85557
85568
85576
85584
85591
85600
85609
85618
85627
85636
85645
85654
85663
85672
85681
85690
85699
85708
85717
85726
85734
85742
85749
85757
85763
85771
85779
85787
85796
85805
85814
85823
85832
85841
85850
85859
85868
85877
85886
85895
85904
85913
85922
85931
85940
85949
85958
85967
85976
85985
85994
86003
86012
86021
86030
86039
86048
86057
86066
86075
86084
86093
86102
86111
86120
86129
86138
86147
86156
86164
86172
86179
86185
86191
86201
86207
86215
86219
86226
86234
86245
86251
86260
86269
86278
86287
86296
86305
86314
86323
86332
86341
86350
86359
86379
86388
86396
86404
86411
86418
86425
86433
86440
86449
86458
86467
86475
86483
86492
86501
86510
86519
86528
86537
86546
86555
86564
86573
86582
86591
86600
86609
86618
86626
86634
86642
86649
86659
86667
86675
86688
86697
86706
86715
86724
86733
86742
86751
86760
86769
86778
86787
86796
86805
86814
86823
86832
86841
86850
86859
86868
86877
86886
86895
86904
86913
86922
86931
86940
86949
86958
86967
86976
86985
86994
87003
87012
87021
87030
87039
87048
87057
87065
87073
87080
87089
87098
87107
87115
87124
87130
87139
87148
87157
87166
87175
87184
87193
87202
87211
87220
87229
87238
87247
87282
87291
87299
87307
87314
87321
87328
87333
87343
87350
87359
87368
87376
87384
87390
87397
87406
87415
87424
87433
87442
87451
87460
87469
87478
87487
87496
87505
87513
87521
87526
87534
87543
87552
87561
87569
87577
87582
87590
87599
87608
87617
87626
87635
87644
87653
87662
87671
87680
87689
87698
87707
87716
87725
87734
87743
87752
87761
87770
87779
87788
87797
87806
87815
87824
87833
87842
87851
87860
87869
87878
87887
87896
87905
87914
87923
87932
87941
87950
87959
87967
87975
87983
87994
88002
88010
88017
88023
88031
88041
88050
88059
88068
88077
88086
88095
88104
88113
88122
88131
88178
88187
88196
88205
88214
88222
88229
88237
88242
88250
88258
88266
88275
88283
88288
88295
88304
88313
88322
88331
88340
88349
88358
88367
88376
88385
88394
88402
88410
88414
88424
88433
88442
88451
88459
88466
88474
88483
88492
88501
88510
88519
88528
88537
88546
88555
88564
88573
88582
88591
88600
88609
88618
88627
88636
88645
88654
88663
88672
88681
88690
88699
88708
88717
88726
88735
88744
88753
88762
88771
88780
88789
88798
88807
88816
88825
88834
88843
88852
88861
88869
88877
88885
88895
88904
88912
88923
88935
88943
88950
88959
88968
88977
88986
88995
89004
89013
89022
89031
89040
89072
89081
89090
89099
89107
89115
89122
89131
89140
89148
89156
89164
89172
89176
89184
89188
89195
89205
89214
89223
89232
89241
89250
89259
89268
89277
89285
89293
89302
89311
89320
89329
89338
89347
89354
89362
89370
89374
89383
89392
89401
89410
89419
89428
89437
89446
89455
89464
89473
89482
89491
89500
89509
89518
89527
89536
89545
89554
89563
89572
89581
89590
89599
89608
89617
89626
89635
89644
89653
89662
89671
89680
89689
89698
89707
89716
89725
89734
89743
89752
89761
89770
89779
89787
89796
89803
89812
89819
89826
89834
89842
89850
89858
89865
89874
89883
89892
89901
89910
89919
89954
89963
89972
89980
89991
90001
90010
90019
90028
90037
90046
90055
90064
90073
90082
90089
90096
90106
90117
90126
90135
90144
90152
90160
90168
90184
90193
90202
90211
90220
90229
90238
90247
90256
90264
90272
90279
90288
90297
90306
90315
90324
90333
90342
90351
90360
90369
90378
90387
90396
90405
90414
90423
90432
90441
90450
90459
90468
90477
90486
90495
90504
90513
90522
90531
90540
90549
90558
90567
90576
90585
90594
90603
90612
90621
90630
90639
90648
90657
90666
90675
90684
90693
90701
90710
90719
90728
90737
90746
90755
90763
90771
90779
90788
90797
90806
90815
90824
90833
90842
90863
90871
90882
90891
90900
90909
90918
90927
90936
90945
90954
90963
90972
90981
90989
90998
91009
91017
91025
91034
91043
91052
91061
91069
91077
91085
91093
91103
91112
91121
91130
91139
91148
91157
91166
91174
91183
91187
91195
91204
91213
91222
91231
91240
91249
91258
91267
91276
91285
91294
91303
91312
91321
91330
91339
91348
91357
91366
91375
91384
91393
91402
91411
91420
91429
91438
91447
91456
91465
91474
91483
91492
91501
91510
91519
91528
91536
91544
91551
91560
91569
91574
91582
91589
91597
91601
91612
91621
91630
91639
91648
91657
91666
91674
91682
91689
91698
91707
91716
91725
91747
91754
91762
91770
91778
91785
91793
91802
91811
91820
91829
91838
91847
91856
91865
91874
91882
91890
91898
91905
91913
91922
91931
91940
91949
91958
91967
91976
91985
91993
92001
92009
92018
92027
92036
92045
92054
92063
92071
92079
92087
92096
92105
92114
92123
92132
92141
92150
92159
92168
92177
92186
92195
92204
92213
92222
92231
92240
92249
92258
92267
92276
92285
92294
92303
92312
92321
92330
92339
92348
92357
92366
92375
92384
92393
92402
92411
92420
92429
92437
92445
92452
92461
92470
92479
92488
92496
92504
92512
92521
92530
92539
92548
92557
92566
92574
92582
92590
92599
92608
92620
92629
92638
92647
92656
92665
92673
92681
92689
92697
92706
92715
92724
92733
92742
92751
92760
92769
92778
92786
92794
92802
92813
92822
92831
92840
92849
92858
92867
92875
92883
92891
92900
92909
92918
92927
92936
92945
92954
92963
92972
92981
92989
92997
93008
93016
93025
93034
93043
93052
93061
93070
93079
93088
93097
93106
93115
93124
93133
93142
93151
93160
93169
93178
93187
93196
93205
93214
93223
93232
93241
93250
93259
93268
93277
93286
93295
93304
93313
93322
93331
93339
93346
93354
93363
93372
93381
93390
93399
93407
93419
93428
93437
93446
93455
93464
93473
93481
93489
93497
93527
93536
93545
93554
93563
93572
93580
93588
93595
93604
93613
93622
93631
93640
93649
93658
93667
93675
93684
93693
93701
93709
93717
93725
93733
93741
93750
93759
93768
93777
93785
93792
93800
93809
93818
93827
93836
93845
93854
93863
93872
93881
93890
93898
93906
93918
93927
93936
93945
93954
93963
93972
93981
93990
93999
94008
94017
94026
94035
94044
94053
94062
94071
94080
94089
94098
94107
94116
94125
94134
94143
94152
94161
94170
94179
94188
94197
94206
94215
94224
94233
94241
94246
94256
94265
94274
94283
94292
94300
94307
94314
94323
94332
94341
94350
94359
94368
94377
94385
94388
94425
94434
94442
94451
94460
94469
94478
94486
94494
94502
94511
94520
94529
94538
94547
94555
94563
94573
94582
94591
94600
94609
94617
94625
94633
94639
94646
94655
94664
94672
94680
94690
94699
94708
94717
94726
94735
94744
94753
94762
94771
94780
94787
94795
94804
94813
94822
94831
94840
94849
94858
94867
94876
94885
94894
94903
94912
94921
94930
94939
94948
94957
94966
94975
94984
94993
95002
95011
95020
95029
95038
95047
95056
95065
95074
95083
95092
95101
95110
95119
95128
95137
95146
95155
95164
95173
95182
95191
95199
95207
95215
95223
95232
95241
95250
95259
95268
95277
95285
95293
95317
95326
95335
95344
95353
95362
95371
95380
95389
95399
95407
95415
95422
95426
95437
95446
95455
95463
95471
95479
95485
95493
95502
95511
95520
95528
95536
95544
95550
95558
95566
95574
95582
95593
95602
95611
95620
95629
95638
95647
95655
95663
95671
95679
95687
95696
95705
95714
95723
95732
95741
95750
95759
95768
95777
95786
95795
95804
95813
95822
95831
95840
95849
95858
95867
95876
95885
95894
95903
95912
95921
95930
95939
95948
95957
95966
95975
95984
95993
96002
96011
96020
96028
96036
96044
96051
96058
96067
96076
96085
96094
96102
96110
96118
96126
96135
96144
96153
96162
96171
96225
96234
96243
96252
96261
96270
96279
96288
96296
96304
96312
96320
96329
96338
96346
96354
96362
96368
96376
96384
96393
96402
96411
96420
96429
96437
96445
96453
96461
96468
96475
96482
96490
96499
96508
96517
96526
96535
96544
96552
96560
96568
96575
96585
96598
96607
96616
96625
96634
96643
96652
96661
96670
96679
96688
96697
96706
96715
96724
96733
96742
96751
96760
96769
96778
96787
96796
96805
96814
96823
96832
96841
96850
96859
96868
96877
96886
96895
96904
96913
96922
96932
96940
96948
96959
96968
96977
96986
96995
97004
97012
97020
97029
97040
97049
97058
97067
97075
97082
97090
97147
97156
97165
97174
97182
97190
97198
97206
97213
97222
97231
97240
