6
15
24
33
42
51
60
69
78
87
96
105
114
123
132
141
150
159
168
177
186
195
204
213
222
231
240
249
258
267
276
285
294
303
312
321
330
339
348
357
366
375
384
393
402
411
420
429
438
447
456
465
474
483
492
501
510
519
528
537
546
555
564
573
582
591
600
609
618
627
636
645
654
663
672
681
690
699
708
717
726
735
744
753
762
771
780
789
798
807
816
825
834
843
852
861
870
879
888
897
905
917
924
933
942
951
960
969
978
987
996
1005
1014
1023
1032
1041
1050
1059
1068
1077
1086
1095
1104
1113
1122
1131
1140
1149
1158
1167
1176
1185
1194
1203
1212
1221
1230
1239
1248
1257
1266
1275
1284
1293
1302
1311
1320
1329
1338
1347
1356
1365
1374
1383
1392
1401
1410
1419
1428
1437
1446
1455
1464
1473
1482
1491
1500
1509
1518
1527
1536
1545
1554
1563
1572
1581
1590
1599
1608
1617
1626
1635
1644
1653
1662
1671
1680
1689
1698
1707
1716
1725
1734
1743
1752
1761
1770
1778
1786
1792
1815
1818
1824
1833
1842
1851
1860
1869
1878
1887
1896
1905
1914
1923
1932
1941
1950
1959
1968
1977
1986
1995
2004
2013
2022
2031
2040
2049
2058
2067
2076
2085
2094
2103
2112
2121
2130
2139
2148
2157
2166
2175
2184
2193
2202
2211
2220
2229
2238
2247
2256
2265
2274
2283
2292
2301
2310
2319
2328
2337
2346
2355
2364
2373
2382
2391
2400
2409
2418
2427
2436
2445
2454
2463
2472
2481
2490
2499
2508
2517
2526
2535
2544
2553
2562
2571
2580
2589
2598
2607
2616
2625
2634
2643
2652
2661
2670
2678
2684
2687
2709
2714
2721
2729
2737
2741
2748
2757
2766
2775
2784
2793
2802
2811
2820
2829
2838
2847
2856
2865
2874
2883
2892
2901
2910
2919
2928
2937
2946
2955
2964
2973
2982
2991
3000
3009
3018
3027
3036
3045
3054
3063
3072
3081
3090
3099
3108
3117
3126
3135
3144
3153
3162
3171
3180
3189
3198
3207
3216
3225
3234
3243
3252
3261
3270
3279
3288
3297
3306
3315
3324
3333
3342
3351
3360
3369
3378
3387
3396
3405
3414
3423
3432
3441
3450
3459
3482
3491
3500
3509
3518
3527
3536
3545
3554
3563
3571
3581
3591
3594
3612
3618
3621
3626
3635
3645
3654
3663
3672
3681
3690
3699
3708
3717
3726
3735
3744
3753
3762
3771
3780
3789
3798
3807
3816
3825
3834
3843
3852
3861
3870
3879
3888
3897
3906
3915
3924
3933
3942
3951
3960
3969
3978
3987
3996
4005
4014
4023
4032
4041
4050
4059
4067
4076
4085
4094
4103
4112
4121
4130
4139
4148
4157
4166
4175
4184
4193
4202
4211
4220
4229
4238
4247
4256
4265
4274
4283
4292
4301
4310
4319
4328
4337
4346
4355
4364
4373
4382
4391
4400
4409
4418
4427
4436
4445
4454
4462
4471
4476
4482
4514
4520
4529
4533
4536
4542
4549
4557
4566
4575
4584
4593
4602
4611
4620
4629
4638
4647
4656
4665
4674
4683
4692
4701
4710
4719
4728
4737
4746
4755
4764
4773
4782
4791
4800
4809
4818
4827
4836
4845
4854
4863
4872
4881
4890
4899
4908
4917
4926
4935
4944
4953
4962
4971
4980
4989
4998
5007
5016
5025
5034
5043
5052
5061
5070
5079
5088
5097
5106
5115
5124
5133
5142
5151
5160
5169
5178
5187
5196
5205
5214
5223
5232
5241
5250
5259
5268
5277
5286
5295
5304
5313
5321
5335
5344
5353
5362
5371
5378
5380
5420
5424
5426
5433
5437
5445
5454
5461
5470
5479
5488
5497
5506
5515
5524
5533
5542
5551
5560
5569
5578
5587
5596
5605
5614
5623
5632
5641
5650
5659
5668
5677
5686
5695
5704
5713
5722
5731
5740
5749
5758
5767
5776
5785
5794
5803
5812
5821
5830
5839
5848
5857
5866
5875
5884
5893
5902
5911
5920
5929
5938
5947
5956
5965
5974
5983
5992
6001
6010
6019
6028
6037
6046
6055
6064
6073
6082
6091
6100
6109
6118
6127
6136
6145
6154
6163
6172
6181
6189
6192
6202
6211
6220
6229
6238
6247
6258
6266
6275
6284
6321
6329
6332
6338
6341
6345
6350
6354
6358
6366
6374
6379
6387
6396
6405
6414
6423
6432
6441
6450
6459
6468
6477
6486
6495
6504
6513
6522
6531
6540
6549
6558
6567
6576
6585
6594
6603
6612
6621
6630
6639
6648
6657
6666
6675
6684
6693
6702
6711
6720
6729
6738
6747
6756
6765
6774
6783
6792
6801
6810
6819
6828
6837
6846
6855
6864
6873
6882
6891
6900
6909
6918
6927
6936
6945
6954
6963
6972
6981
6990
6999
7008
7017
7026
7035
7044
7053
7061
7067
7073
7082
7091
7100
7109
7118
7127
7133
7141
7149
7161
7191
7198
7206
7215
7226
7234
7242
7252
7259
7268
7274
7279
7292
7296
7307
7316
7325
7334
7343
7352
7361
7370
7379
7388
7397
7406
7415
7424
7433
7442
7451
7460
7469
7478
7487
7496
7505
7514
7523
7532
7541
7550
7559
7568
7577
7586
7595
7604
7613
7622
7631
7640
7649
7658
7667
7676
7685
7694
7703
7712
7721
7730
7739
7748
7757
7766
7775
7784
7793
7802
7811
7820
7829
7838
7847
7856
7865
7874
7883
7892
7901
7910
7919
7928
7937
7945
7951
7959
7968
7977
7986
7995
8004
8013
8022
8031
8040
8048
8050
8056
8110
8114
8121
8129
8137
8141
8149
8158
8166
8175
8184
8194
8204
8212
8221
8230
8239
8248
8257
8266
8275
8284
8293
8302
8311
8320
8329
8338
8347
8356
8365
8374
8383
8392
8401
8410
8419
8429
8438
8447
8456
8465
8474
8483
8492
8501
8510
8519
8528
8537
8546
8555
8564
8573
8582
8591
8600
8609
8618
8627
8636
8645
8654
8663
8672
8681
8690
8699
8708
8717
8726
8735
8744
8753
8762
8771
8780
8789
8798
8807
8816
8824
8827
8834
8843
8852
8861
8870
8879
8888
8897
8906
8915
8924
8933
8941
8945
8952
8960
9066
9071
9079
9088
9097
9106
9114
9123
9132
9141
9150
9159
9168
9177
9186
9195
9204
9213
9222
9231
9240
9249
9258
9267
9276
9285
9294
9303
9312
9321
9330
9339
9348
9357
9366
9375
9384
9393
9402
9411
9420
9429
9438
9447
9456
9465
9474
9483
9492
9501
9510
9519
9528
9537
9546
9555
9564
9573
9582
9591
9600
9609
9618
9627
9636
9645
9654
9663
9672
9681
9690
9699
9708
9717
9726
9735
9744
9753
9762
9771
9780
9789
9798
9806
9810
9814
9820
9829
9836
9845
9852
9861
9870
9879
9888
9896
9902
9910
9919
9926
9934
9959
9964
9971
9978
9982
9988
9996
10001
10007
10016
10025
10034
10043
10052
10061
10070
10079
10088
10097
10106
10115
10124
10133
10142
10151
10160
10169
10178
10187
10196
10205
10214
10223
10232
10241
10250
10259
10268
10277
10286
10295
10304
10313
10322
10331
10340
10349
10358
10367
10376
10385
10394
10403
10412
10421
10430
10439
10448
10457
10466
10475
10484
10493
10502
10511
10520
10529
10538
10547
10556
10565
10574
10583
10592
10601
10610
10619
10628
10637
10646
10655
10664
10673
10682
10692
10702
10710
10718
10722
10736
10744
10752
10760
10769
10778
10786
10798
10807
10816
10825
10865
10873
10881
10890
10898
10905
10916
10925
10934
10943
10952
10961
10970
10979
10988
10997
11006
11015
11024
11033
11042
11051
11060
11069
11078
11087
11096
11105
11114
11123
11132
11141
11150
11159
11168
11177
11186
11195
11204
11213
11222
11231
11240
11249
11258
11267
11276
11285
11294
11303
11312
11321
11330
11339
11348
11357
11366
11375
11384
11393
11402
11411
11420
11429
11438
11447
11456
11465
11474
11483
11492
11501
11510
11519
11528
11537
11546
11555
11564
11572
11580
11587
11591
11600
11608
11614
11622
11630
11638
11646
11655
11663
11671
11677
11686
11695
11704
11713
11721
11726
11770
11778
11787
11794
11801
11807
11814
11823
11832
11841
11850
11859
11868
11877
11886
11895
11904
11913
11922
11931
11940
11949
11958
11967
11976
11985
11994
12003
12012
12021
12030
12039
12048
12057
12066
12075
12084
12093
12102
12111
12120
12129
12138
12147
12156
12165
12174
12183
12192
12201
12210
12219
12228
12237
12246
12255
12264
12273
12282
12291
12300
12309
12318
12327
12336
12345
12354
12363
12372
12381
12390
12399
12408
12417
12426
12435
12444
12453
12462
12471
12479
12488
12494
12506
12517
12525
12533
12541
12550
12559
12569
12578
12587
12596
12604
12610
12617
12626
12635
12644
12675
12684
12692
12695
12705
12716
12724
12733
12742
12751
12760
12769
12778
12787
12796
12805
12814
12823
12832
12841
12850
12859
12868
12877
12886
12895
12904
12913
12922
12931
12940
12949
12958
12967
12976
12985
12994
13003
13012
13021
13030
13039
13048
13057
13066
13075
13084
13093
13102
13111
13120
13129
13138
13147
13156
13165
13174
13183
13192
13201
13210
13219
13228
13237
13246
13255
13264
13273
13282
13291
13300
13309
13318
13327
13336
13345
13354
13363
13371
13379
13386
13394
13401
13409
13417
13426
13434
13442
13450
13456
13464
13475
13486
13494
13505
13513
13522
13531
13540
13548
13570
13579
13587
13594
13601
13608
13618
13628
13637
13646
13655
13664
13673
13682
13691
13700
13709
13718
13727
13736
13745
13754
13763
13772
13781
13790
13799
13808
13817
13826
13835
13844
13853
13862
13871
13880
13889
13898
13907
13916
13925
13934
13943
13952
13961
13970
13979
13988
13997
14006
14015
14024
14033
14042
14051
14060
14069
14078
14087
14096
14105
14114
14123
14132
14141
14150
14159
14168
14177
14186
14195
14204
14213
14222
14231
14240
14249
14258
14266
14274
14281
14290
14299
14308
14316
14324
14331
14339
14348
14362
14367
14374
14382
14389
14394
14405
14414
14423
14432
14440
14479
14487
14495
14502
14510
14518
14525
14532
14541
14550
14559
14568
14577
14586
14595
14604
14613
14622
14631
14640
14649
14658
14667
14676
14685
14694
14703
14712
14721
14730
14739
14748
14757
14766
14775
14784
14793
14802
14811
14820
14829
14838
14847
14856
14865
14874
14883
14892
14901
14910
14919
14928
14937
14946
14955
14964
14973
14982
14991
15000
15009
15018
15027
15036
15045
15054
15063
15072
15081
15090
15099
15108
15117
15126
15135
15146
15154
15165
15174
15183
15191
15199
15209
15218
15227
15236
15245
15253
15260
15264
15270
15276
15285
15293
15302
15310
15317
15324
15333
15341
15392
15401
15408
15415
15423
15431
15434
15444
15453
15462
15471
15480
15489
15498
15507
15516
15525
15534
15543
15552
15561
15570
15579
15588
15597
15606
15615
15624
15633
15642
15651
15660
15669
15678
15687
15696
15705
15714
15723
15732
15741
15750
15759
15768
15777
15786
15795
15804
15813
15822
15831
15840
15849
15858
15867
15876
15885
15894
15903
15912
15921
15930
15939
15948
15957
15966
15975
15984
15993
16002
16011
16020
16028
16037
16046
16055
16064
16073
16082
16090
16097
16104
16113
16122
16130
16138
16145
16154
16163
16172
16180
16188
16195
16204
16212
16220
16227
16236
16243
16250
16289
16298
16306
16314
16320
16327
16333
16340
16349
16358
16367
16376
16385
16394
16403
16412
16421
16430
16439
16448
16457
16466
16475
16484
16493
16502
16511
16520
16529
16538
16547
16556
16565
16574
16583
16592
16601
16610
16619
16628
16637
16646
16655
16664
16673
16682
16691
16700
16709
16718
16727
16736
16745
16754
16763
16772
16781
16790
16799
16808
16817
16826
16835
16844
16853
16862
16871
16880
16889
16898
16906
16914
16923
16928
16942
16951
16960
16969
16978
16986
16997
17006
17015
17024
17032
17040
17049
17058
17067
17075
17083
17087
17099
17107
17115
17124
17133
17142
17151
17159
17203
17211
17219
17225
17231
17237
17245
17254
17263
17272
17281
17290
17299
17308
17317
17326
17335
17344
17353
17362
17371
17380
17389
17398
17407
17416
17425
17434
17443
17452
17461
17470
17479
17488
17497
17506
17515
17524
17533
17542
17551
17560
17569
17578
17587
17596
17605
17614
17623
17632
17641
17650
17659
17668
17677
17686
17695
17704
17713
17722
17731
17740
17749
17758
17767
17776
17785
17795
17803
17811
17820
17828
17837
17846
17855
17864
17873
17882
17890
17899
17908
17916
17928
17937
17946
17955
17963
17971
17978
17987
17996
18004
18012
18018
18026
18035
18044
18052
18067
18076
18107
18116
18125
18133
18144
18152
18163
18172
18181
18190
18199
18208
18217
18226
18235
18244
18253
18262
18271
18280
18289
18298
18307
18316
18325
18334
18343
18352
18361
18370
18379
18388
18397
18406
18415
18424
18433
18442
18451
18460
18469
18478
18487
18496
18505
18514
18523
18532
18541
18550
18559
18568
18577
18586
18595
18604
18613
18622
18631
18640
18649
18658
18667
18676
18685
18693
18704
18713
18722
18731
18740
18749
18758
18767
18775
18778
18785
18794
18803
18811
18818
18825
18835
18844
18852
18860
18866
18874
18883
18892
18901
18909
18914
18923
18932
18941
18950
18957
18961
18968
19001
19010
19019
19028
19037
19045
19048
19058
19066
19074
19081
19086
19093
19102
19111
19120
19129
19138
19147
19156
19165
19174
19183
19192
19201
19210
19219
19228
19237
19246
19255
19264
19273
19282
19291
19300
19309
19318
19327
19336
19345
19354
19363
19372
19381
19390
19399
19408
19417
19426
19435
19444
19453
19462
19471
19480
19489
19498
19507
19516
19525
19534
19543
19552
19561
19570
19578
19586
19594
19600
19607
19616
19625
19634
19643
19651
19661
19670
19679
19688
19696
19704
19714
19723
19732
19741
19750
19759
19768
19776
19783
19790
19799
19807
19815
19824
19833
19842
19851
19862
19903
19912
19920
19932
19942
19951
19960
19968
19976
19983
19991
20000
20009
20018
20027
20036
20045
20054
20063
20072
20081
20090
20099
20108
20117
20126
20135
20144
20153
20162
20171
20180
20189
20198
20207
20216
20225
20234
20243
20252
20261
20270
20279
20288
20297
20306
20315
20324
20333
20342
20351
20360
20369
20378
20387
20396
20405
20414
20423
20432
20441
20450
20459
20468
20477
20486
20494
20500
20513
20522
20531
20539
20547
20553
20562
20571
20580
20589
20598
20607
20616
20624
20636
20645
20654
20663
20672
20681
20689
20698
20706
20713
20727
20736
20745
20758
20767
20776
20785
20794
20813
20822
20831
20840
20849
20858
20867
20874
20882
20897
20906
20915
20924
20933
20942
20951
20960
20969
20978
20987
20996
21005
21014
21023
21032
21041
21050
21059
21068
21077
21086
21095
21104
21113
21122
21131
21140
21149
21158
21167
21176
21185
21194
21203
21212
21221
21230
21239
21248
21257
21266
21275
21284
21293
21302
21311
21320
21329
21338
21347
21356
21365
21374
21383
21391
21398
21406
21415
21424
21432
21440
21447
21454
21463
21472
21481
21490
21499
21508
21517
21527
21535
21543
21552
21561
21570
21578
21586
21598
21606
21614
21621
21630
21639
21647
21655
21664
21673
21681
21689
21735
21744
21753
21762
21771
21779
21786
21795
21804
21813
21822
21831
21840
21849
21858
21867
21876
21885
21894
21903
21912
21921
21930
21939
21948
21957
21966
21975
21984
21993
22002
22011
22020
22029
22038
22047
22056
22065
22074
22083
22092
22101
22110
22119
22128
22137
22146
22155
22164
22173
22182
22191
22200
22209
22218
22227
22236
22245
22254
22263
22271
22279
22287
22293
22302
22311
22320
22329
22337
22344
22355
22364
22373
22382
22391
22400
22409
22418
22427
22436
22444
22448
22457
22465
22473
22484
22491
22499
22507
22514
22521
22530
22539
22547
22555
22563
22572
22581
22590
22599
22628
22635
22644
22653
22662
22671
22679
22687
22698
22707
22716
22725
22734
22743
22752
22761
22770
22779
22788
22797
22806
22815
22824
22833
22842
22851
22860
22869
22878
22887
22896
22905
22914
22923
22932
22941
22950
22959
22968
22977
22986
22995
23004
23013
23022
23031
23040
23049
23058
23067
23076
23085
23094
23103
23112
23121
23130
23139
23148
23157
23165
23173
23179
23187
23196
23205
23214
23223
23232
23240
23250
23258
23267
23276
23285
23294
23303
23312
23321
23330
23338
23346
23354
23361
23366
23374
23387
23395
23403
23411
23415
23421
23430
23438
23446
23453
23462
23471
23480
23489
23519
23528
23536
23547
23555
23563
23571
23577
23585
23594
23603
23612
23621
23630
23639
23648
23657
23666
23675
23684
23693
23702
23711
23720
23729
23738
23747
23756
23765
23774
23783
23792
23801
23810
23819
23828
23837
23846
23855
23864
23873
23882
23891
23900
23909
23918
23927
23936
23945
23954
23963
23972
23981
23990
23999
24008
24017
24026
24035
24044
24053
24062
24070
24078
24085
24094
24103
24112
24120
24128
24134
24143
24152
24161
24170
24179
24188
24197
24206
24215
24224
24233
24242
24250
24258
24261
24269
24279
24287
24294
24299
24307
24315
24323
24332
24341
24349
24361
24370
24379
24412
24421
24430
24438
24443
24454
24462
24470
24473
24483
24492
24501
24510
24519
24528
24537
24546
24555
24564
24573
24582
24591
24600
24609
24618
24627
24636
24645
24654
24663
24672
24681
24690
24699
24708
24717
24726
24735
24744
24753
24762
24771
24780
24789
24798
24807
24816
24825
24834
24843
24852
24861
24870
24879
24888
24897
24906
24915
24924
24933
24942
24951
24959
24967
24974
24982
24991
25000
25008
25016
25020
25031
25040
25049
25058
25067
25076
25085
25094
25103
25112
25121
25130
25139
25148
25156
25163
25171
25179
25188
25197
25205
25210
25220
25228
25239
25245
25253
25261
25267
25310
25319
25327
25334
25341
25349
25357
25364
25373
25382
25391
25400
25409
25418
25427
25436
25445
25454
25463
25472
25481
25490
25499
25508
25517
25526
25535
25544
25553
25562
25571
25580
25589
25598
25607
25616
25625
25634
25643
25652
25661
25670
25679
25688
25697
25706
25715
25724
25733
25742
25751
25760
25769
25778
25787
25796
25805
25814
25823
25832
25842
25850
25857
25865
25874
25883
25892
25901
25908
25917
25926
25935
25944
25953
25962
25971
25980
25989
25998
26007
26016
26025
26034
26043
26052
26061
26069
26077
26085
26092
26099
26107
26115
26123
26130
26135
26143
26152
26161
26170
26202
26211
26219
26226
26236
26244
26252
26262
26271
26280
26289
26298
26307
26316
26325
26334
26343
26352
26361
26370
26379
26388
26397
26401
26410
26419
26428
26437
26446
26455
26464
26473
26482
26491
26500
26509
26518
26527
26536
26545
26554
26563
26572
26581
26590
26599
26608
26617
26626
26635
26644
26653
26662
26671
26680
26689
26698
26707
26716
26725
26734
26743
26752
26760
26768
26776
26785
26794
26802
26809
26818
26827
26836
26845
26854
26863
26872
26881
26890
26899
26908
26917
26926
26935
26944
26953
26962
26971
26979
26987
27000
27009
27017
27024
27029
27032
27040
27043
27050
27059
27096
27105
27113
27122
27134
27143
27152
27160
27170
27180
27189
27198
27207
27216
27225
27234
27243
27252
27261
27270
27279
27288
27297
27306
27315
27324
27333
27342
27351
27360
27369
27378
27387
27396
27405
27414
27423
27432
27441
27450
27459
27468
27477
27486
27495
27504
27513
27522
27531
27540
27549
27558
27567
27576
27585
27594
27603
27612
27621
27630
27639
27647
27661
27670
27679
27688
27696
27704
27708
27716
27725
27734
27743
27752
27761
27770
27779
27788
27797
27806
27815
27824
27833
27842
27851
27860
27869
27878
27886
27894
27902
27909
27919
27930
27937
27945
27951
27959
27965
27973
28013
28022
28029
28036
28044
28055
28064
28073
28082
28091
28100
28109
28118
28127
28136
28145
28154
28163
28172
28181
28190
28199
28208
28217
28226
28235
28244
28253
28262
28271
28280
28289
28298
28307
28316
28325
28334
28343
28352
28361
28370
28379
28388
28397
28406
28415
28424
28433
28442
28451
28460
28469
28478
28487
28496
28505
28514
28523
28532
28542
28550
28558
28565
28572
28583
28591
28598
28605
28615
28624
28633
28642
28651
28660
28669
28678
28687
28696
28705
28714
28723
28732
28741
28750
28759
28768
28777
28785
28792
28798
28808
28816
28822
28828
28837
28845
28851
28857
28866
28873
28920
28931
28940
28948
28956
28964
28971
28980
28989
28998
29007
29016
29025
29034
29043
29052
29061
29070
29079
29088
29097
29106
29115
29124
29133
29142
29151
29160
29169
29178
29187
29196
29205
29214
29223
29232
29241
29250
29259
29268
29277
29286
29295
29304
29313
29322
29331
29340
29349
29358
29367
29376
29385
29394
29403
29412
29421
29430
29438
29446
29454
29459
29466
29474
29482
29494
29502
29511
29520
29529
29538
29547
29556
29565
29574
29583
29592
29601
29610
29619
29628
29637
29646
29655
29664
29672
29677
29692
29701
29710
29719
29727
29734
29743
29749
29758
29765
29769
29775
29783
29826
29836
29840
29848
29860
29869
29878
29887
29896
29905
29914
29923
29932
29941
29950
29959
29968
29977
29986
29995
30004
30013
30022
30031
30040
30049
30058
30067
30076
30085
30094
30103
30112
30121
30130
30139
30148
30157
30166
30175
30184
30193
30202
30211
30220
30229
30238
30247
30256
30265
30274
30283
30292
30301
30310
30318
30326
30330
30339
30348
30357
30366
30375
30384
30392
30400
30406
30415
30424
30433
30442
30451
30460
30469
30478
30487
30496
30505
30514
30523
30532
30541
30549
30557
30565
30572
30581
30590
30599
30608
30616
30624
30631
30639
30648
30655
30662
30667
30677
30686
30734
30743
30752
30758
30773
30782
30791
30800
30809
30818
30827
30836
30845
30854
30863
30872
30881
30890
30899
30908
30917
30926
30935
30944
30953
30962
30971
30980
30989
30998
31007
31016
31025
31034
31043
31052
31061
31070
31079
31088
31097
31106
31115
31124
31133
31142
31151
31160
31169
31178
31187
31196
31205
31213
31224
31233
31242
31251
31260
31268
31276
31281
31293
31302
31311
31320
31329
31338
31347
31356
31365
31374
31383
31392
31401
31410
31419
31428
31436
31448
31457
31466
31475
31484
31493
31502
31510
31522
31530
31539
31548
31559
31567
31575
31582
31589
31597
31605
31611
31618
31665
31674
31683
31692
31701
31710
31719
31728
31737
31746
31755
31764
31773
31782
31791
31800
31809
31818
31827
31836
31845
31854
31863
31872
31881
31890
31899
31908
31917
31926
31935
31944
31953
31962
31971
31980
31989
31998
32007
32016
32025
32034
32043
32052
32061
32070
32079
32088
32097
32106
32113
32121
32130
32139
32148
32156
32165
32174
32183
32192
32201
32210
32219
32228
32237
32246
32255
32264
32273
32282
32291
32300
32309
32318
32326
32334
32345
32354
32363
32371
32379
32389
32398
32407
32416
32425
32434
32443
32452
32460
32465
32470
32479
32488
32497
32506
32514
32522
32529
32538
32584
32588
32593
32602
32611
32620
32629
32638
32647
32656
32665
32674
32683
32692
32701
32710
32719
32728
32737
32746
32755
32764
32773
32782
32791
32800
32809
32818
32827
32836
32845
32854
32863
32872
32881
32890
32899
32908
32917
32926
32935
32944
32953
32962
32971
32979
32987
32996
33005
33014
33023
33032
33040
33048
33054
33061
33070
33079
33088
33097
33106
33115
33124
33133
33142
33151
33160
33169
33178
33187
33196
33204
33212
33218
33224
33233
33242
33251
33260
33269
33278
33286
33294
33301
33309
33318
33327
33336
33344
33359
33367
33376
33385
33394
33403
33412
33421
33429
33435
33441
33496
33505
33517
33526
33535
33544
33553
33562
33571
33580
33589
33598
33607
33616
33625
33634
33643
33652
33661
33670
33679
33688
33697
33706
33715
33724
33733
33742
33751
33760
33769
33778
33787
33796
33805
33814
33823
33832
33841
33850
33860
33868
33880
33888
33897
33906
33915
33924
33932
33937
33945
33954
33963
33972
33981
33990
33999
34008
34017
34026
34035
34044
34053
34062
34071
34080
34089
34098
34106
34114
34122
34130
34139
34148
34157
34166
34175
34184
34192
34202
34208
34217
34225
34233
34244
34253
34262
34271
34280
34289
34298
34307
34315
34323
34329
34334
34346
34353
34362
34371
34404
34412
34420
34427
34436
34445
34454
34463
34472
34481
34490
34499
34508
34517
34526
34535
34544
34553
34562
34571
34580
34589
34598
34607
34616
34625
34634
34643
34652
34661
34670
34679
34688
34697
34706
34715
34724
34733
34742
34751
34760
34768
34774
34786
34795
34804
34813
34822
34830
34838
34845
34851
34861
34870
34879
34888
34897
34906
34915
34924
34933
34942
34951
34960
34969
34978
34987
34996
35005
35013
35021
35027
35036
35045
35054
35063
35072
35080
35095
35104
35112
35120
35127
35134
35143
35152
35161
35170
35179
35188
35197
35205
35213
35219
35229
35238
35246
35254
35263
35272
35300
35309
35317
35325
35330
35337
35346
35355
35364
35373
35382
35391
35400
35409
35418
35427
35436
35445
35454
35463
35472
35481
35490
35499
35508
35517
35526
35535
35544
35553
35562
35571
35580
35589
35598
35607
35616
35625
35634
35643
35652
35661
35669
35679
35689
35698
35707
35716
35724
35731
35739
35748
35757
35766
35775
35784
35793
35802
35811
35820
35829
35838
35847
35856
35865
35874
35883
35892
35901
35909
35921
35930
35939
35948
35957
35966
35975
35983
35992
36000
36009
36018
36026
36032
36041
36050
36059
36068
36077
36086
36095
36103
36111
36118
36127
36136
36145
36153
36161
36170
36207
36219
36226
36235
36244
36253
36262
36271
36280
36289
36298
36307
36316
36325
36334
36343
36352
36361
36370
36379
36388
36397
36406
36415
36424
36433
36442
36451
36460
36469
36478
36487
36496
36505
36514
36523
36532
36541
36549
36557
36563
36571
36580
36589
36598
36607
36616
36623
36632
36641
36650
36659
36668
36677
36686
36695
36704
36713
36722
36731
36740
36749
36758
36767
36776
36785
36794
36803
36811
36819
36826
36831
36840
36849
36858
36867
36875
36886
36895
36904
36913
36922
36931
36940
36948
36956
36963
36971
36980
36989
36998
37007
37016
37024
37032
37035
37042
37051
37059
37067
37100
37108
37117
37125
37132
37141
37150
37159
37168
37177
37186
37195
37204
37213
37222
37231
37240
37249
37258
37267
37276
37285
37294
37303
37312
37321
37330
37339
37348
37357
37366
37375
37384
37393
37402
37411
37420
37429
37438
37445
37453
37461
37466
37472
37481
37490
37498
37506
37515
37522
37531
37540
37549
37558
37567
37576
37585
37594
37603
37612
37621
37630
37639
37648
37657
37666
37675
37684
37693
37702
37710
37718
37726
37732
37741
37750
37758
37766
37774
37783
37792
37801
37810
37819
37828
37837
37845
37853
37861
37868
37874
37883
37892
37901
37910
37918
37926
37934
37941
37949
37988
38001
38010
38018
38026
38035
38044
38053
38062
38071
38080
38089
38098
38107
38116
38125
38134
38143
38152
38161
38170
38179
38188
38197
38206
38215
38224
38233
38242
38251
38260
38269
38278
38287
38296
38305
38314
38323
38332
38341
38350
38358
38376
38385
38394
38402
38412
38420
38429
38438
38447
38456
38465
38474
38483
38492
38501
38510
38519
38528
38537
38546
38555
38564
38573
38582
38591
38599
38607
38613
38618
38627
38636
38644
38652
38659
38669
38678
38687
38696
38705
38714
38723
38731
38739
38748
38757
38766
38775
38784
38793
38802
38811
38820
38833
38841
38855
38864
38872
38880
38919
38927
38935
38944
38953
38962
38971
38980
38989
38998
39007
39016
39025
39034
39043
39052
39061
39070
39079
39088
39097
39106
39115
39124
39133
39142
39151
39160
39169
39178
39187
39196
39205
39214
39223
39232
39240
39248
39256
39264
39272
39281
39289
39301
39313
39322
39331
39340
39349
39358
39367
39376
39385
39394
39403
39412
39421
39430
39439
39448
39457
39466
39475
39484
39493
39502
39510
39518
39532
39540
39548
39556
39561
39570
39579
39588
39597
39606
39614
39622
39630
39639
39648
39657
39666
39675
39684
39693
39702
39711
39720
39729
39738
39746
39754
39767
39776
39785
39793
39801
39844
39852
39859
39866
39875
39884
39893
39902
39911
39920
39929
39938
39947
39956
39965
39974
39983
39992
40001
40010
40019
40028
40037
40046
40055
40064
40073
40082
40091
40100
40109
40118
40127
40137
40145
40155
40162
40170
40178
40188
40197
40206
40215
40224
40233
40242
40251
40260
40269
40278
40287
40296
40305
40314
40323
40332
40341
40350
40359
40368
40377
40386
40395
40403
40411
40422
40431
40440
40447
40455
40464
40473
40482
40491
40498
40506
40514
40517
40528
40537
40546
40555
40564
40573
40582
40591
40600
40609
40618
40626
40634
40642
40649
40654
40662
40671
40680
40690
40698
40706
40749
40756
40763
40772
40781
40790
40799
40808
40817
40826
40835
40844
40853
40862
40871
40880
40889
40898
40907
40916
40925
40934
40943
40952
40961
40970
40979
40988
40997
41006
41015
41024
41032
41040
41048
41053
41061
41065
41069
41077
41085
41092
41100
41109
41118
41127
41136
41145
41154
41163
41172
41181
41190
41199
41208
41217
41226
41235
41244
41253
41262
41271
41280
41289
41298
41306
41313
41318
41324
41332
41339
41345
41354
41363
41372
41381
41390
41398
41406
41412
41421
41430
41439
41448
41457
41466
41475
41484
41493
41502
41511
41520
41529
41538
41547
41556
41564
41572
41578
41589
41640
41649
41658
41667
41676
41685
41694
41703
41712
41721
41730
41739
41748
41757
41766
41775
41784
41793
41802
41811
41820
41829
41838
41847
41856
41865
41874
41883
41892
41901
41910
41919
41928
41936
41944
41951
41960
41969
41976
41986
41994
42003
42012
42021
42030
42039
42048
42057
42066
42075
42084
42093
42102
42111
42120
42129
42138
42147
42156
42165
42174
42183
42192
42201
42209
42220
42228
42236
42244
42253
42260
42267
42276
42285
42295
42303
42312
42322
42331
42340
42349
42358
42367
42376
42385
42394
42403
42412
42421
42430
42439
42447
42458
42467
42476
42485
42494
42502
42509
42519
42579
42588
42597
42606
42615
42624
42633
42642
42651
42660
42669
42678
42687
42696
42705
42714
42723
42732
42741
42750
42759
42768
42777
42786
42795
42804
42813
42822
42830
42838
42846
42854
42863
42872
42880
42888
42892
42905
42914
42923
42932
42941
42950
42959
42968
42977
42986
42995
43004
43013
43022
43031
43040
43049
43058
43067
43076
43085
43093
43106
43111
43120
43128
43136
43146
43154
43163
43172
43181
43190
43198
43206
43214
43223
43232
43241
43250
43259
43268
43277
43286
43295
43304
43312
43320
43327
43334
43343
43352
43361
43370
43379
43388
43396
43404
43412
43424
43433
43442
43450
43489
43498
43507
43516
43525
43534
43543
43552
43561
43570
43579
43588
43597
43606
43615
43624
43633
43642
43651
43660
43669
43678
43687
43696
43705
43714
43723
43732
43741
43749
43757
43768
43778
43785
43794
43803
43812
43821
43830
43839
43848
43857
43866
43875
43884
43893
43902
43911
43920
43929
43938
43947
43956
43965
43974
43983
43991
44004
44013
44021
44029
44038
44045
44054
44063
44072
44080
44088
44095
44101
44110
44119
44128
44137
44146
44155
44164
44173
44182
44190
44198
44206
44214
44217
44229
44238
44247
44256
44265
44274
44282
44290
44299
44306
44314
44323
44332
44341
44349
44357
44395
44404
44413
44422
44431
44440
44449
44458
44467
44476
44485
44494
44503
44512
44521
44530
44539
44548
44557
44566
44575
44584
44593
44602
44611
44620
44629
44637
44645
44660
44668
44676
44684
44692
44698
44705
44714
44723
44732
44741
44750
44759
44768
44777
44786
44795
44804
44813
44822
44831
44840
44849
44858
44867
44876
44884
44892
44901
44910
44919
44927
44935
44943
44950
44959
44968
44977
44985
44992
45005
45014
45023
45032
45041
45050
45059
45068
45077
45086
45095
45104
45112
45119
45126
45135
45144
45153
45162
45171
45180
45189
45197
45204
45210
45224
45233
45242
45250
45258
45266
45311
45320
45329
45338
45347
45356
45365
45374
45383
45392
45401
45410
45419
45428
45437
45446
45455
45464
45473
45482
45491
45500
45509
45518
45527
45536
45545
45553
45561
45569
45574
45581
45588
45592
45600
45608
45616
45625
45634
45643
45652
45661
45670
45679
45688
45697
45706
45715
45724
45733
45742
45751
45759
45767
45782
45791
45800
45809
45818
45828
45836
45844
45850
45858
45867
45876
45886
45894
45902
45913
45922
45931
45940
45949
45958
45967
45976
45985
45994
46002
46010
46018
46028
46037
46046
46055
46064
46072
46080
46084
46090
46099
46108
46117
46126
46134
46142
46150
46154
46160
46203
46212
46221
46230
46239
46248
46257
46266
46275
46284
46293
46302
46311
46320
46329
46338
46347
46356
46365
46374
46383
46392
46401
46410
46419
46428
46437
46446
46454
46462
46470
46482
46490
46498
46506
46514
46523
46530
46539
46548
46557
46566
46575
46584
46593
46602
46611
46620
46629
46638
46647
46655
46669
46678
46687
46696
46705
46714
46723
46731
46739
46745
46753
46762
46771
46780
46789
46798
46806
46814
46821
46826
46835
46844
46853
46862
46871
46880
46889
46898
46907
46915
46923
46931
46938
46947
46956
46964
46972
46981
46990
46999
47008
47017
47025
47033
47050
47059
47068
47077
47115
47124
47133
47142
47151
47160
47169
47178
47187
47196
47205
47214
47223
47232
47241
47250
47259
47268
47277
47286
47295
47304
47313
47322
47331
47340
47349
47358
47366
47374
47383
47390
47402
47410
47418
47422
47428
47437
47446
47455
47464
47473
47482
47491
47500
47509
47518
47527
47536
47546
47554
47563
47573
47582
47591
47600
47608
47616
47624
47633
47642
47651
47660
47669
47678
47687
47696
47705
47713
47721
47727
47735
47744
47753
47762
47771
47780
47789
47798
47806
47814
47828
47836
47845
47853
47861
47874
47883
47892
47901
47912
47920
47932
47941
47950
47959
47968
47977
47986
47995
48040
48049
48058
48067
48076
48085
48094
48103
48112
48121
48130
48139
48148
48157
48166
48175
48184
48193
48202
48211
48220
48229
48238
48247
48256
48265
48273
48281
48289
48293
48305
48314
48322
48330
48340
48348
48357
48366
48375
48384
48393
48402
48411
48420
48429
48438
48446
48454
48460
48467
48476
48485
48494
48502
48510
48513
48521
48530
48539
48548
48557
48566
48575
48584
48593
48602
48610
48618
48626
48633
48641
48650
48659
48668
48677
48686
48695
48704
48712
48721
48730
48739
48749
48757
48765
48774
48783
48792
48800
48808
48816
48822
48830
48839
48848
48857
48866
48875
48884
48893
48932
48941
48950
48959
48968
48977
48986
48995
49004
49013
49022
49031
49040
49049
49058
49067
49076
49085
49094
49103
49112
49121
49130
49139
49148
49157
49166
49175
49183
49191
49197
49205
49214
49223
49232
49240
49248
49254
49263
49272
49281
49290
49299
49308
49317
49326
49335
49343
49351
49359
49367
49374
49383
49392
49402
49410
49418
49421
49434
49443
49452
49461
49470
49479
49488
49497
49505
49513
49524
49531
49540
49549
49558
49567
49576
49585
49593
49601
49607
49614
49623
49632
49641
49650
49659
49667
49675
49683
49694
49703
49712
49721
49729
49737
49744
49751
49760
49769
49778
49787
49828
49837
49846
49855
49864
49873
49882
49891
49900
49909
49918
49927
49936
49945
49954
49963
49972
49981
49990
49999
50008
50017
50026
50035
50044
50053
50062
50070
50078
50086
50096
50105
50114
50123
50132
50140
50148
50157
50166
50175
50184
50193
50202
50211
50220
50229
50237
50245
50252
50261
50270
50279
50288
50297
50305
50313
50320
50327
50337
50346
50355
50364
50373
50382
50390
50398
50412
50421
50430
50439
50448
50457
50466
50475
50484
50492
50500
50508
50521
50530
50539
50548
50557
50565
50573
50579
50586
50595
50604
50613
50622
50630
50638
50644
50652
50661
50670
50679
50688
50697
50735
50744
50753
50762
50771
50780
50789
50798
50807
50816
50825
50834
50843
50852
50861
50870
50879
50888
50897
50906
50915
50924
50933
50942
50951
50960
50968
50976
50984
50993
50999
51008
51017
51026
51034
51042
51052
51060
51069
51078
51087
51096
51105
51114
51123
51132
51140
51148
51155
51164
51173
51182
51191
51199
51207
51213
51218
51226
51234
51243
51251
51259
51268
51277
51286
51294
51302
51310
51317
51329
51338
51347
51356
51365
51374
51383
51392
51401
51409
51417
51420
51427
51436
51445
51454
51463
51471
51479
51483
51493
51502
51511
51520
51529
51538
51546
51554
51565
51573
51582
51619
51628
51637
51646
51655
51664
51673
51682
51691
51700
51709
51718
51727
51736
51745
51754
51763
51772
51781
51790
51799
51808
51817
51826
51835
51844
51853
51862
51871
51879
51887
51895
51898
51907
51916
51925
51933
51941
51945
51951
51960
51969
51978
51987
51996
52005
52014
52023
52032
52040
52048
52056
52062
52069
52077
52085
52093
52102
52112
52121
52130
52139
52148
52157
52166
52175
52184
52193
52201
52209
52217
52222
52230
52238
52247
52256
52265
52274
52283
52292
52300
52308
52316
52323
52330
52339
52348
52357
52366
52375
52383
52393
52402
52411
52420
52429
52437
52445
52452
52464
52511
52520
52529
52538
52547
52556
52565
52574
52583
52592
52601
52610
52619
52628
52637
52646
52655
52664
52673
52682
52691
52700
52709
52718
52727
52736
52745
52754
52762
52770
52778
52788
52797
52806
52815
52823
52831
52837
52841
52850
52859
52868
52877
52886
52895
52904
52913
52922
52931
52940
52950
52958
52968
52976
52984
52993
53002
53011
53020
53029
53038
53047
53056
53065
53074
53083
53092
53101
53110
53118
53126
53134
53137
53144
53153
53162
53171
53180
53189
53198
53207
53215
53223
53230
53238
53247
53256
53264
53272
53275
53285
53294
53303
53312
53321
53330
53339
53348
53356
53370
53421
53430
53439
53448
53457
53466
53475
53484
53493
53502
53511
53520
53529
53538
53547
53556
53565
53574
53583
53592
53601
53610
53619
53628
53637
53646
53655
53664
53673
53681
53690
53700
53710
53718
53726
53736
53742
53751
53760
53769
53778
53787
53796
53805
53814
53823
53832
53841
53849
53857
53866
53875
53884
53891
53899
53907
53915
53924
53933
53942
53951
53960
53969
53978
53987
53996
54005
54014
54023
54031
54043
54052
54061
54070
54078
54086
54094
54099
54107
54116
54125
54134
54143
54150
54158
54166
54173
54182
54191
54200
54209
54218
54227
54236
54244
54252
54260
54263
54272
54281
54313
54322
54331
54340
54349
54358
54367
54376
54385
54394
54403
54412
54421
54430
54439
54448
54457
54466
54475
54484
54493
54502
54511
54520
54529
54538
54547
54556
54565
54573
54581
54589
54600
54607
54613
54619
54627
54635
54643
54651
54660
54669
54678
54687
54696
54705
54714
54723
54732
54741
54749
54757
54765
54770
54778
54787
54796
54804
54812
54818
54827
54836
54845
54854
54863
54872
54881
54890
54899
54907
54915
54923
54930
54939
54948
54957
54964
54972
54980
54988
54995
55004
55013
55022
55031
55040
55048
55056
55064
55072
55082
55091
55100
55109
55118
55127
55136
55145
55154
55163
55216
55225
55234
55243
55252
55261
55270
55279
55288
55297
55306
55315
55324
55333
55342
55351
55360
55369
55378
55387
55396
55405
55414
55423
55432
55441
55450
55459
55468
55476
55484
55492
55498
55505
55510
55518
55526
55533
55539
55550
55559
55568
55577
55586
55595
55604
55613
55622
55631
55640
55649
55657
55665
55676
55685
55693
55701
55709
55717
55725
55734
55743
55752
55761
55770
55779
55788
55797
55805
55813
55823
55831
55840
55849
55858
55867
55875
55883
55891
55899
55907
55916
55925
55934
55943
55951
55959
55962
55972
55981
55990
55999
56008
56017
56026
56035
56044
56053
56062
56070
56122
56131
56140
56149
56158
56167
56176
56185
56194
56203
56212
56221
56230
56239
56248
56257
56266
56275
56284
56293
56302
56311
56320
56329
56338
56347
56356
56365
56374
56382
56390
56398
56401
56411
56420
56428
56436
56446
56455
56464
56473
56482
56491
56500
56509
56518
56527
56536
56545
56554
56563
56571
56579
56586
56592
56601
56610
56618
56626
56630
56640
56649
56658
56667
56676
56685
56693
56701
56709
56716
56725
56734
56743
56752
56761
56769
56777
56784
56795
56804
56813
56822
56830
56838
56846
56854
56863
56872
56881
56890
56899
56908
56917
56926
56935
56944
56953
56962
56971
56980
57031
57040
57049
57058
57067
57076
57085
57094
57103
57112
57121
57130
57139
57148
57157
57166
57175
57184
57193
57202
57211
57220
57229
57238
57247
57256
57266
57274
57285
57295
57304
57312
57322
57331
57340
57349
57358
57367
57376
57385
57394
57403
57412
57421
57430
57439
57448
57457
57465
57473
57481
57487
57491
57507
57515
57523
57531
57540
57549
57558
57570
57578
57586
57597
57605
57614
57623
57632
57641
57650
57658
57666
57669
57679
57688
57697
57706
57715
57724
57732
57740
57748
57757
57765
57774
57783
57792
57801
57810
57819
57828
57837
57846
57855
57864
57873
57882
57891
57900
57908
57957
57966
57975
57984
57993
58002
58011
58020
58029
58038
58047
58056
58065
58074
58083
58092
58101
58110
58119
58128
58137
58146
58155
58164
58170
58176
58183
58190
58203
58212
58223
58232
58241
58250
58259
58268
58277
58286
58295
58304
58313
58322
58331
58340
58351
58359
58367
58374
58382
58391
58399
58407
58415
58423
58431
58440
58449
58458
58466
58474
58482
58493
58502
58511
58520
58529
58537
58545
58553
58561
58568
58580
58589
58598
58607
58616
58624
58632
58640
58646
58659
58668
58677
58686
58695
58704
58713
58722
58731
58740
58749
58758
58767
58776
58785
58794
58803
58811
58819
58825
58860
58869
58878
58887
58896
58905
58914
58923
58932
58941
58950
58959
58968
58977
58986
58995
59004
59013
59022
59031
59040
59049
59058
59068
59076
59083
59090
59096
59103
59110
59118
59126
59135
59144
59153
59162
59171
59180
59189
59198
59207
59216
59225
59234
59243
59251
59259
59266
59273
59282
59291
59300
59308
59316
59324
59330
59335
59344
59352
59360
59368
59379
59389
59398
59407
59416
59425
59434
59443
59452
59461
59469
59483
59492
59501
59510
59519
59528
59536
59544
59552
59564
59573
59582
59591
59600
59609
59618
59627
59636
59645
59654
59663
59672
59681
59690
59699
59708
59716
59724
59774
59783
59792
59801
59810
59819
59828
59837
59846
59855
59864
59873
59882
59891
59900
59909
59918
59927
59936
59945
59954
59963
59972
59982
59990
59997
60005
60013
60019
60026
60033
60042
60051
60060
60069
60078
60087
60096
60105
60114
60121
60129
60137
60143
60152
60161
60170
60179
60187
60196
60205
60214
60223
60232
60241
60249
60257
60264
60272
60281
60290
60299
60308
60317
60326
60335
60344
60353
60362
60371
60379
60387
60395
60404
60413
60421
60429
60437
60445
60457
60466
60475
60484
60493
60502
60511
60520
60529
60538
60547
60556
60565
60574
60583
60592
60601
60610
60618
60626
60634
60677
60686
60695
60704
60713
60722
60731
60740
60749
60758
60767
60776
60785
60794
60803
60812
60821
60830
60839
60848
60857
60866
60875
60884
60893
60902
60910
60917
60924
60934
60946
60954
60961
60971
60980
60989
60998
61007
61016
61024
61031
61044
61053
61061
61069
61077
61091
61100
61109
61118
61127
61137
61145
61153
61163
61169
61178
61187
61196
61205
61214
61223
61232
61241
61249
61257
61267
61275
61284
61293
61302
61311
61320
61329
61337
61345
61359
61368
61377
61386
61395
61404
61413
61422
61431
61440
61449
61458
61467
61476
61485
61494
61503
61511
61519
61526
61533
61542
61551
61560
61594
61603
61612
61621
61630
61639
61648
61657
61666
61675
61684
61693
61702
61711
61720
61729
61738
61747
61756
61765
61774
61783
61792
61801
61809
61817
61823
61835
61843
61851
61859
61866
61874
61883
61892
61901
61910
61919
61927
61935
61944
61952
61958
61963
61971
61979
61987
61994
62003
62012
62021
62030
62039
62047
62055
62064
62073
62082
62091
62100
62109
62118
62127
62136
62145
62153
62161
62169
62180
62191
62200
62209
62217
62225
62233
62245
62250
62259
62268
62277
62286
62295
62304
62313
62322
62331
62340
62349
62358
62367
62376
62385
62394
62402
62410
62418
62424
62432
62441
62450
62485
62494
62503
62512
62521
62530
62539
62548
62557
62566
62575
62584
62593
62602
62611
62620
62629
62638
62647
62656
62665
62674
62683
62692
62698
62706
62714
62721
62729
62738
62746
62754
62762
62769
62776
62785
62794
62803
62812
62820
62828
62836
62842
62850
62859
62869
62877
62885
62891
62898
62907
62916
62924
62932
62943
62952
62961
62970
62979
62988
62997
63006
63015
63024
63033
63042
63053
63061
63069
63081
63089
63098
63107
63116
63125
63134
63143
63151
63159
63165
63173
63182
63191
63200
63209
63218
63227
63236
63245
63254
63263
63272
63281
63290
63298
63306
63314
63322
63330
63339
63379
63388
63397
63406
63415
63424
63433
63442
63451
63460
63469
63478
63487
63496
63505
63514
63523
63532
63541
63550
63559
63568
63577
63585
63593
63600
63609
63618
63627
63636
63645
63654
63663
63671
63679
63690
63699
63708
63717
63723
63731
63739
63743
63750
63759
63768
63777
63785
63793
63801
63808
63817
63825
63833
63844
63854
63863
63872
63881
63890
63899
63908
63917
63926
63935
63944
63952
63960
63968
63979
63987
63996
64005
64014
64023
64032
64040
64048
64056
64061
64074
64083
64092
64101
64110
64119
64128
64137
64146
64155
64164
64173
64182
64191
64200
64208
64216
64224
64234
64243
64284
64293
64302
64311
64320
64329
64338
64347
64356
64365
64374
64383
64392
64401
64410
64419
64428
64437
64446
64455
64464
64472
64480
64488
64489
64495
64504
64513
64522
64531
64540
64549
64557
64562
64570
64578
64582
64589
64598
64607
64616
64625
64633
64641
64645
64650
64659
64668
64676
64684
64691
64698
64707
64716
64725
64734
64742
64750
64758
64764
64773
64782
64791
64800
64809
64818
64827
64836
64845
64854
64863
64871
64879
64890
64896
64905
64914
64923
64932
64941
64949
64957
64965
64976
64984
64993
65002
65011
65020
65029
65038
65047
65056
65065
65074
65083
65091
65099
65106
65113
65150
65159
65168
65177
65186
65195
65204
65213
65222
65231
65240
65249
65258
65267
65276
65285
65294
65303
65312
65321
65330
65339
65348
65357
65366
65375
65384
65393
65401
65409
65413
65423
65432
65441
65450
65459
65468
65476
65484
65492
65499
65503
65513
65522
65530
65538
65553
65564
65572
65579
65588
65597
65606
65615
65624
65633
65641
65649
65657
65663
65671
65680
65689
65698
65707
65716
65725
65734
65743
65752
65761
65770
65778
65784
65792
65807
65816
65825
65836
65844
65852
65858
65866
65874
65883
65892
65901
65910
65919
65928
65937
65946
65955
65964
65972
65981
65989
65995
66003
66012
66055
66064
66073
66082
66091
66100
66109
66118
66127
66136
66145
66154
66163
66172
66181
66190
66199
66208
66217
66226
66235
66244
66253
66262
66271
66280
66289
66297
66305
66311
66316
66322
66331
66340
66349
66358
66367
66376
66385
66393
66401
66408
66419
66428
66436
66444
66452
66465
66472
66480
66488
66494
66503
66512
66521
66530
66539
66547
66555
66563
66571
66580
66589
66598
66607
66616
66625
66634
66643
66652
66661
66669
66677
66683
66691
66700
66709
66718
66727
66735
66743
66751
66759
66769
66778
66787
66796
66805
66814
66823
66832
66841
66850
66859
66868
66877
66885
66893
66901
66908
66959
66968
66977
66986
66995
67004
67013
67022
67031
67040
67049
67058
67067
67076
67085
67094
67103
67112
67121
67130
67139
67148
67157
67166
67175
67183
67191
67197
67205
67214
67223
67232
67241
67250
67259
67268
67276
67284
67292
67299
67306
67315
67324
67333
67341
67349
67353
67361
67368
67376
67384
67392
67399
67408
67417
67426
67435
67443
67451
67459
67467
67473
67481
67490
67499
67508
67517
67526
67535
67544
67555
67563
67571
67574
67585
67594
67603
67612
67621
67629
67637
67644
67652
67661
67670
67679
67688
67697
67706
67715
67724
67733
67742
67751
67760
67769
67778
67787
67795
67803
67842
67851
67860
67869
67878
67887
67896
67905
67914
67923
67932
67941
67950
67959
67968
67977
67986
67995
68004
68013
68022
68031
68040
68049
68058
68067
68076
68085
68093
68101
68109
68117
68123
68132
68141
68150
68159
68168
68177
68186
68194
68202
68207
68213
68221
68229
68237
68245
68252
68259
68267
68275
68283
68297
68306
68315
68324
68333
68342
68350
68363
68372
68381
68390
68399
68408
68417
68426
68435
68443
68451
68459
68467
68475
68484
68493
68502
68511
68520
68528
68536
68544
68556
68563
68572
68581
68590
68599
68608
68617
68626
68635
68644
68653
68662
68671
68680
68688
68696
68704
68759
68768
68777
68786
68795
68804
68813
68822
68831
68840
68849
68858
68867
68876
68885
68894
68903
68912
68921
68930
68939
68948
68957
68966
68975
68984
68993
69002
69011
69019
69027
69031
69043
69053
69061
69069
69083
69092
69102
69110
69118
69122
69134
69143
69152
69161
69169
69177
69184
69192
69201
69210
69219
69228
69235
69243
69252
69261
69270
69279
69288
69297
69306
69315
69324
69333
69342
69351
69359
69367
69375
69385
69393
69402
69411
69420
69429
69438
69446
69454
69462
69471
69480
69489
69498
69507
69516
69525
69534
69543
69552
69561
69570
69579
69588
69597
69606
69617
69625
69633
69680
69689
69698
69707
69716
69725
69734
69743
69752
69761
69770
69779
69788
69797
69806
69815
69824
69833
69842
69851
69860
69869
69878
69887
69896
69904
69912
69920
69927
69935
69943
69951
69959
69967
69974
69983
69992
70000
70008
70019
70028
70037
70046
70055
70064
70072
70080
70085
70093
70102
70110
70118
70129
70139
70148
70157
70166
70175
70184
70193
70202
70211
70220
70229
70238
70246
70254
70262
70269
70277
70286
70295
70304
70313
70322
70331
70339
70347
70355
70363
70371
70380
70389
70398
70407
70416
70425
70434
70443
70452
70461
70470
70479
70488
70497
70506
70515
70524
70532
70540
70594
70603
70612
70621
70630
70639
70648
70657
70666
70675
70684
70693
70702
70711
70720
70729
70738
70747
70756
70765
70774
70783
70792
70802
70810
70818
70828
70837
70846
70854
70862
70873
70881
70893
70901
70909
70916
70925
70934
70943
70952
70960
70968
70976
70984
70993
71002
71010
71018
71026
71034
71042
71051
71060
71069
71078
71087
71096
71105
71114
71123
71132
71141
71148
71156
71164
71175
71184
71193
71202
71211
71220
71229
71238
71245
71253
71268
71276
71285
71294
71303
71312
71321
71330
71339
71348
71357
71366
71375
71384
71393
71402
71411
71420
71429
71435
71443
71451
71455
71466
71474
71484
71493
71502
71511
71520
71529
71538
71547
71556
71565
71574
71583
71592
71601
71610
71619
71628
71637
71646
71655
71664
71673
71682
71691
71700
71709
71717
71725
71732
71739
71747
71757
71765
71768
71780
71789
71797
71805
71813
71826
71835
71844
71852
71860
71868
71876
71885
71894
71903
71912
71921
71929
71939
71948
71957
71966
71975
71984
71993
72002
72011
72020
72029
72038
72047
72056
72064
72072
72080
72087
72094
72103
72112
72121
72130
72141
72149
72157
72165
72173
72182
72191
72200
72209
72218
72227
72236
72245
72254
72263
72272
72281
72290
72299
72308
72316
72324
72332
72339
72386
72395
72404
72413
72422
72431
72440
72449
72458
72467
72476
72485
72494
72503
72512
72521
72530
72539
72548
72557
72566
72575
72584
72593
72602
72611
72621
72629
72637
72644
72651
72665
72673
72681
72687
72695
72702
72710
72718
72723
72736
72744
72749
72757
72765
72776
72786
72795
72804
72812
72820
72827
72839
72848
72857
72866
72875
72884
72893
72902
72911
72920
72929
72938
72947
72956
72964
72972
72977
72984
72993
73002
73011
73020
73029
73038
73046
73054
73060
73069
73078
73087
73096
73105
73114
73123
73132
73141
73150
73159
73168
73177
73186
73195
73203
73211
73219
73226
73233
73240
73274
73283
73292
73301
73310
73319
73328
73337
73346
73355
73364
73373
73382
73391
73400
73409
73418
73427
73436
73445
73454
73463
73472
73481
73490
73499
73508
73517
73525
73533
73547
73556
73564
73572
73588
73597
73606
73614
73622
73630
73635
73644
73650
73658
73666
73670
73677
73685
73694
73703
73710
73718
73726
73735
73744
73753
73762
73771
73780
73789
73798
73807
73816
73825
73834
73842
73850
73857
73865
73874
73883
73892
73901
73910
73919
73927
73935
73943
73958
73965
73974
73983
73992
74001
74010
74019
74028
74037
74046
74055
74064
74073
74082
74091
74100
74108
74116
74124
74130
74141
74181
74190
74199
74208
74217
74226
74235
74244
74253
74262
74271
74280
74289
74298
74307
74316
74325
74334
74343
74352
74361
74370
74379
74388
74397
74406
74415
74424
74433
74441
74449
74454
74462
74469
74477
74485
74493
74499
74509
74518
74526
74534
74542
74549
74555
74564
74576
74585
74594
74605
74613
74621
74627
74635
74644
74653
74662
74671
74680
74689
74698
74707
74719
74727
74735
74742
74751
74760
74769
74778
74787
74796
74805
74814
74822
74825
74836
74845
74854
74863
74872
74881
74890
74899
74908
74917
74926
74935
74944
74953
74962
74971
74980
74989
74998
75007
75016
75024
75032
75040
75092
75101
75110
75119
75128
75137
75146
75155
75164
75173
75182
75191
75200
75209
75218
75227
75236
75245
75254
75263
75272
75281
75290
75299
75308
75317
75326
75334
75342
75350
75358
75365
75373
75381
75389
75396
75403
75412
75421
75430
75438
75446
75460
75468
75476
75484
75492
75500
75509
75517
75525
75533
75542
75555
75564
75573
75582
75591
75600
75608
75616
75624
75633
75642
75651
75660
75669
75678
75687
75695
75703
75711
75719
75726
75735
75744
75753
75762
75771
75780
75789
75798
75807
75816
75825
75834
75843
75852
75861
75870
75879
75888
75897
75906
75914
75922
75930
75939
75948
75957
75989
75998
76007
76016
76025
76034
76043
76052
76061
76070
76079
76088
76097
76106
76115
76124
76133
76142
76151
76160
76169
76178
76187
76196
76205
76214
76223
76232
76240
76248
76256
76265
76273
76281
76289
76297
76303
76309
76318
76326
76334
76342
76349
76359
76367
76375
76384
76393
76402
76411
76420
76428
76436
76444
76454
76463
76472
76481
76490
76501
76509
76517
76528
76535
76544
76553
76562
76571
76580
76589
76598
76607
76615
76623
76631
76642
76650
76659
76668
76677
76686
76695
76704
76713
76722
76731
76740
76749
76758
76767
76776
76785
76794
76802
76810
76820
76827
76836
76845
76854
76888
76897
76906
76915
76924
76933
76942
76951
76960
76969
76978
76987
76996
77005
77014
77023
77032
77041
77050
77059
77068
77077
77086
77095
77104
77113
77122
77131
77140
77148
77156
77165
77169
77174
77181
77189
77194
77200
77209
77218
77227
77235
77243
77250
77260
77267
77275
77283
77289
77298
77307
77316
77324
77332
77340
77350
77360
77369
77378
77387
77396
77405
77413
77421
77428
77435
77444
77453
77462
77471
77480
77489
77498
77507
77515
77523
77530
77538
77545
77554
77563
77572
77581
77590
77599
77608
77617
77626
77635
77644
77653
77662
77671
77680
77688
77696
77705
77714
77723
77732
77747
77756
77765
77774
77783
77792
77801
77810
77819
77828
77837
77846
77855
77864
77873
77882
77891
77900
77909
77918
77927
77936
77945
77954
77963
77972
77981
77990
77999
78008
78017
78026
78035
78044
78053
78061
78071
78078
78085
78091
78098
78107
78115
78124
78133
78141
78149
78156
78167
78171
78175
78185
78191
78201
78210
78218
78226
78234
78243
78252
78261
78270
78279
78288
78297
78306
78315
78323
78331
78343
78351
78360
78369
78378
78387
78396
78405
78413
78419
78424
78433
78442
78451
78460
78469
78478
78487
78496
78505
78514
78523
78532
78541
78550
78559
78568
78577
78585
78593
78600
78643
78652
78661
78670
78679
78688
78697
78706
78715
78724
78733
78742
78751
78760
78769
78778
78787
78796
78805
78814
78823
78832
78841
78850
78859
78868
78877
78886
78895
78904
78913
78922
78931
78940
78949
78958
78967
78979
78987
78994
79001
79007
79013
79022
79025
79031
79038
79046
79055
79062
79067
79075
79083
79092
79102
79111
79119
79127
79135
79143
79152
79161
79170
79179
79188
79197
79206
79215
79223
79231
79237
79245
79253
79262
79271
79280
79288
79296
79302
79314
79323
79332
79341
79350
79359
79368
79377
79386
79395
79404
79413
79422
79431
79440
79449
79458
79467
79475
79483
79494
79536
79545
79554
79563
79572
79581
79590
79599
79608
79617
79626
79635
79644
79653
79662
79671
79680
79689
79698
79707
79716
79725
79734
79743
79752
79761
79770
79779
79788
79797
79806
79815
79824
79833
79842
79851
79860
79869
79878
79887
79895
79903
79911
79918
79924
79932
79939
79948
79956
79964
79970
79978
79987
79995
80004
80012
80021
80030
80039
80048
80057
80066
80075
80084
80093
80102
80111
80119
80127
80135
80146
80154
80163
80172
80180
80188
80196
80203
80209
80218
80227
80236
80245
80254
80263
80272
80281
80290
80299
80308
80317
80326
80335
80344
80353
80361
80369
80377
80385
80395
80436
80445
80454
80463
80472
80481
80490
80499
80508
80517
80526
80535
80544
80553
80562
80571
80580
80589
80598
80607
80616
80625
80634
80643
80652
80661
80670
80679
80688
80697
80706
80715
80724
80733
80742
80751
80760
80769
80778
80787
80795
80802
80809
80815
80821
80831
80842
80852
80859
80863
80871
80878
80882
80887
80892
80899
80906
80914
80918
80924
80930
80939
80948
80957
80966
80975
80984
80993
81002
81011
81019
81027
81035
81043
81051
81060
81069
81078
81086
81094
81102
81110
81117
81126
81135
81144
81153
81162
81171
81180
81189
81198
81207
81216
81225
81234
81243
81252
81260
81268
81314
81323
81332
81341
81350
81359
81368
81377
81386
81395
81404
81413
81422
81431
81440
81449
81458
81467
81476
81485
81494
81503
81512
81521
81530
81539
81548
81557
81566
81575
81584
81593
81602
81611
81620
81629
81638
81647
81655
81663
81671
81679
81687
81696
81704
81712
81720
81728
81737
81746
81755
81764
81773
81781
81789
81797
81808
81814
81820
81827
81834
81841
81848
81856
81865
81874
81883
81892
81901
81908
81916
81924
81934
81943
81952
81961
81970
81979
81987
81995
82003
82011
82020
82029
82038
82047
82056
82065
82074
82083
82092
82101
82110
82119
82128
82137
82146
82155
82163
82171
82218
82227
82236
82245
82254
82263
82272
82281
82290
82299
82308
82317
82326
82335
82344
82353
82362
82371
82380
82389
82398
82407
82416
82425
82434
82443
82452
82461
82470
82479
82488
82497
82506
82515
82524
82533
82542
82550
82558
82566
82574
82578
82586
82594
82602
82610
82614
82624
82633
82642
82651
82660
82668
82676
82684
82692
82699
82707
82716
82725
82732
82739
82746
82754
82760
82767
82773
82776
82785
82796
82804
82812
82820
82825
82838
82847
82856
82865
82874
82882
82890
82901
82909
82918
82927
82936
82945
82954
82963
82972
82981
82990
82999
83008
83017
83026
83035
83044
83053
83062
83097
83105
83108
83115
83124
83133
83142
83151
83160
83169
83178
83187
83196
83205
83214
83223
83232
83241
83250
83259
83268
83277
83286
83295
83304
83313
83322
83331
83340
83349
83358
83367
83376
83385
83394
83403
83412
83421
83430
83439
83447
83455
83463
83470
83477
83484
83490
83497
83505
83512
83519
83528
83537
83546
83554
83562
83570
83576
83585
83594
83603
83612
83621
83630
83639
83646
83653
83660
83667
83673
83679
83691
83700
83708
83716
83724
83735
83741
83750
83759
83768
83776
83784
83794
83804
83813
83822
83831
83840
83849
83858
83867
83876
83885
83894
83903
83912
83921
83930
83939
83990
84003
84012
84021
84030
84039
84048
84057
84066
84075
84084
84093
84102
84111
84120
84129
84138
84147
84156
84165
84174
84183
84192
84201
84210
84219
84228
84237
84246
84255
84264
84273
84282
84291
84300
84309
84318
84327
84336
84345
84354
84362
84370
84377
84382
84389
84396
84403
84410
84414
84421
84430
84436
84444
84452
84466
84475
84484
84493
84502
84511
84520
84529
84538
84547
84554
84563
84570
84577
84584
84591
84599
84601
84610
84619
84626
84634
84643
84652
84660
84668
84676
84682
84693
84702
84711
84720
84729
84738
84747
84756
84765
84774
84783
84792
84801
84810
84819
84828
84837
84877
84884
84892
84901
84909
84918
84927
84936
84945
84954
84963
84972
84981
84990
84999
85008
85017
85026
85035
85044
85053
85062
85071
85080
85089
85098
85107
85116
85125
85134
85143
85152
85161
85170
85179
85188
85197
85206
85215
85224
85233
85242
85250
85258
85267
85274
85282
85288
85294
85302
85313
85316
85326
85334
85342
85349
85356
85365
85374
85383
85392
85401
85410
85419
85428
85437
85446
85455
85464
85472
85480
85487
85494
85499
85505
85511
85516
85523
85534
85540
85548
85556
85569
85577
85585
85592
85601
85610
85619
85628
85637
85646
85655
85664
85673
85682
85691
85700
85709
85718
85761
85769
85777
85781
85791
85800
85809
85818
85827
85836
85845
85854
85863
85872
85881
85890
85899
85908
85917
85926
85935
85944
85953
85962
85971
85980
85989
85998
86007
86016
86025
86034
86043
86052
86061
86070
86079
86088
86097
86106
86115
86124
86133
86142
86151
86161
86169
86180
86186
86194
86198
86205
86213
86221
86229
86237
86241
86254
86263
86272
86281
86290
86299
86308
86317
86326
86335
86344
86353
86362
86369
86376
86385
86394
86402
86410
86416
86423
86431
86439
86448
86457
86466
86474
86482
86491
86500
86509
86518
86527
86536
86545
86554
86563
86572
86581
86590
86599
86608
86617
86655
86664
86672
86680
86686
86695
86704
86713
86722
86731
86740
86749
86758
86767
86776
86785
86794
86803
86812
86821
86830
86839
86848
86857
86866
86875
86884
86893
86902
86911
86920
86929
86938
86947
86956
86965
86974
86983
86992
87001
87010
87019
87028
87037
87046
87055
87064
87072
87079
87087
87096
87105
87113
87122
87128
87136
87145
87154
87163
87172
87181
87190
87199
87208
87217
87226
87235
87244
87253
87261
87269
87278
87287
87296
87302
87309
87316
87323
87330
87332
87337
87345
87353
87362
87371
87379
87387
87394
87403
87412
87421
87430
87439
87448
87457
87466
87475
87484
87493
87502
87535
87544
87553
87562
87570
87578
87583
87592
87601
87610
87619
87628
87637
87646
87655
87664
87673
87682
87691
87700
87709
87718
87727
87736
87745
87754
87763
87772
87781
87790
87799
87808
87817
87826
87835
87844
87853
87862
87871
87880
87889
87898
87907
87916
87925
87934
87943
87952
87961
87969
87977
87985
87995
88003
88011
88018
88026
88034
88042
88051
88060
88069
88078
88087
88096
88105
88114
88123
88132
88140
88148
88156
88164
88172
88181
88190
88199
88208
88217
88224
88231
88238
88246
88256
88264
88272
88280
88285
88294
88303
88312
88321
88330
88339
88348
88357
88366
88375
88384
88393
88423
88432
88441
88450
88458
88465
88472
88480
88489
88498
88507
88516
88525
88534
88543
88552
88561
88570
88579
88588
88597
88606
88615
88624
88633
88642
88651
88660
88669
88678
88687
88696
88705
88714
88723
88732
88741
88750
88759
88768
88777
88786
88795
88804
88813
88822
88831
88840
88849
88858
88867
88875
88883
88893
88901
88909
88917
88924
88932
88940
88948
88957
88966
88975
88984
88993
89002
89011
89020
89029
89038
89047
89055
89063
89069
89078
89087
89097
89105
89113
89120
89129
89138
89146
89154
89162
89170
89177
89183
89187
89198
89202
89210
89219
89228
89237
89246
89255
89264
89273
89294
89303
89312
89321
89330
89339
89348
89355
89363
89371
89375
89381
89390
89399
89408
89417
89426
89435
89444
89453
89462
89471
89480
89489
89498
89507
89516
89525
89534
89543
89552
89561
89570
89579
89588
89597
89606
89615
89624
89633
89642
89651
89660
89669
89678
89687
89696
89705
89714
89723
89732
89741
89750
89759
89768
89777
89785
89793
89801
89810
89817
89827
89835
89843
89851
89859
89863
89871
89880
89889
89898
89907
89916
89925
89933
89941
89947
89956
89965
89974
89982
89986
89995
90004
90013
90022
90031
90040
90049
90058
90067
90076
90085
90093
90100
90108
90114
90123
90132
90141
90188
90197
90206
90215
90224
90233
90242
90251
90259
90267
90280
90289
90298
90307
90316
90325
90334
90343
90352
90361
90370
90379
90388
90397
90406
90415
90424
90433
90442
90451
90460
90469
90478
90487
90496
90505
90514
90523
90532
90541
90550
90559
90568
90577
90586
90595
90604
90613
90622
90631
90640
90649
90659
90668
90677
90686
90695
90704
90713
90722
90731
90740
90749
90760
90768
90777
90786
90795
90804
90813
90822
90831
90840
90849
90857
90866
90874
90877
90883
90892
90901
90910
90919
90928
90937
90946
90955
90964
90973
90982
90990
90997
91004
91010
91018
91026
91035
91044
91053
91062
91101
91110
91119
91128
91137
91146
91155
91164
91172
91180
91193
91202
91211
91220
91229
91238
91247
91256
91265
91274
91283
91292
91301
91310
91319
91328
91337
91346
91355
91364
91373
91382
91391
91400
91409
91418
91427
91436
91445
91454
91463
91472
91481
91490
91499
91508
91517
91526
91534
91542
91547
91558
91567
91575
91583
91591
91607
91616
91625
91634
91643
91652
91661
91670
91678
91691
91700
91709
91718
91727
91735
91743
91752
91760
91768
91776
91783
91790
91800
91809
91818
91827
91836
91845
91854
91863
91872
91880
91888
91895
91901
91910
91919
91928
91937
91946
91955
91964
91973
91982
92013
92022
92031
92040
92049
92058
92066
92074
92082
92090
92099
92108
92117
92126
92135
92144
92153
92162
92171
92180
92189
92198
92207
92216
92225
92234
92243
92252
92261
92270
92279
92288
92297
92306
92315
92324
92333
92342
92351
92360
92369
92378
92387
92396
92405
92414
92423
92433
92441
92448
92455
92464
92473
92482
92491
92499
92507
92514
92522
92531
92540
92549
92558
92567
92575
92583
92586
92594
92603
92612
92621
92630
92639
92648
92657
92666
92674
92682
92690
92699
92708
92717
92726
92735
92744
92753
92762
92771
92780
92789
92798
92806
92810
92816
92825
92834
92843
92852
92861
92870
92904
92913
92922
92931
92940
92949
92958
92967
92976
92984
92992
93000
93005
93012
93021
93030
93039
93048
93057
93066
93075
93084
93093
93102
93111
93120
93129
93138
93147
93156
93165
93174
93183
93192
93201
93210
93219
93228
93237
93246
93255
93264
93273
93282
93291
93300
93309
93318
93327
93336
93344
93352
93360
93369
93378
93387
93395
93403
93411
93420
93429
93438
93447
93456
93465
93474
93483
93491
93499
93507
93522
93531
93540
93549
93558
93567
93576
93584
93592
93600
93609
93618
93627
93636
93645
93654
93663
93671
93680
93689
93696
93704
93712
93720
93728
93736
93745
93754
93763
93772
93801
93810
93819
93828
93837
93846
93855
93864
93873
93882
93891
93899
93907
93917
93925
93934
93943
93952
93961
93970
93979
93988
93997
94006
94015
94024
94033
94042
94051
94060
94069
94078
94087
94096
94105
94114
94123
94132
94141
94150
94159
94168
94177
94186
94195
94204
94213
94222
94231
94239
94245
94252
94261
94270
94279
94288
94296
94304
94317
94326
94335
94344
94353
94362
94371
94379
94387
94395
94403
94411
94421
94430
94439
94448
94457
94466
94475
94483
94491
94498
94507
94516
94525
94534
94543
94552
94560
94569
94575
94584
94593
94602
94611
94619
94627
94635
94641
94645
94654
94663
94687
94696
94705
94714
94723
94732
94741
94750
94759
94768
94777
94786
94794
94803
94812
94821
94830
94839
94848
94857
94866
94875
94884
94893
94902
94911
94920
94929
94938
94947
94956
94965
94974
94983
94992
95001
95010
95019
95028
95037
95046
95055
95064
95073
95082
95091
95100
95109
95118
95127
95136
95145
95154
95163
95172
95181
95190
95198
95206
95214
95221
95230
95239
95248
95257
95266
95275
95284
95292
95300
95303
95311
95320
95329
95338
95347
95356
95365
95374
95383
95392
95402
95410
95418
95429
95436
95445
95454
95462
95470
95478
95484
95491
95500
95509
95518
95526
95534
95542
95556
95598
95607
95616
95625
95634
95643
95651
95659
95667
95675
95680
95688
95697
95706
95715
95724
95733
95742
95751
95760
95769
95778
95787
95796
95805
95814
95823
95832
95841
95850
95859
95868
95877
95886
95895
95904
95913
95922
95931
95940
95949
95958
95967
95976
95985
95994
96003
96012
96021
96029
96037
96045
96052
96060
96069
96078
96087
96096
96106
96114
96122
96129
96138
96147
96156
96165
96174
96182
96189
96196
96206
96217
96223
96231
96240
96249
96258
96267
96276
96285
96293
96302
96310
96318
96322
96334
96342
96350
96358
96365
96373
96381
96390
96399
96408
96417
96426
96434
96442
96450
96492
96501
96510
96519
96528
96537
96546
96556
96564
96572
96582
96594
96603
96612
96621
96630
96639
96648
96657
96666
96675
96684
96693
96702
96711
96720
96729
96738
96747
96756
96765
96774
96783
96792
96801
96810
96819
96828
96837
96846
96855
96864
96873
96882
96891
96900
96909
96918
96926
96934
96942
96950
96961
96970
96979
96988
97000
97008
97016
97025
97033
97041
97050
97059
97068
97076
97084
97092
97097
97104
97111
97117
97125
97133
97144
97153
97162
97171
97180
97188
97196
97204
97211
97220
97229
97238
