2
10
19
28
37
46
55
64
73
82
91
100
109
118
127
136
145
154
163
172
181
190
199
208
217
226
235
244
253
262
271
280
289
298
307
316
325
334
343
352
361
370
379
388
397
406
415
424
433
442
451
460
469
478
487
496
505
514
523
532
541
550
559
568
577
586
595
604
613
622
631
640
649
658
667
676
685
694
703
712
721
730
739
748
757
766
775
784
793
802
812
821
830
839
848
857
866
875
884
893
901
902
904
909
914
929
938
947
956
965
974
983
992
1001
1010
1019
1028
1037
1046
1055
1064
1073
1082
1091
1100
1109
1118
1127
1136
1145
1154
1163
1172
1181
1190
1199
1208
1217
1226
1235
1244
1253
1262
1271
1280
1289
1298
1307
1316
1325
1334
1343
1352
1361
1370
1379
1388
1397
1406
1415
1424
1433
1442
1451
1460
1469
1478
1487
1496
1505
1514
1523
1532
1541
1550
1559
1568
1577
1586
1595
1604
1613
1622
1631
1640
1649
1658
1667
1676
1678
1687
1696
1705
1714
1723
1732
1741
1750
1759
1768
1794
1801
1802
1807
1809
1823
1832
1841
1850
1859
1868
1877
1886
1895
1904
1913
1922
1931
1940
1949
1958
1967
1976
1985
1994
2003
2012
2021
2030
2039
2048
2057
2066
2075
2084
2093
2102
2111
2120
2129
2138
2147
2156
2165
2174
2183
2192
2201
2210
2219
2228
2237
2246
2255
2264
2273
2282
2291
2300
2309
2318
2327
2336
2345
2354
2363
2372
2381
2390
2399
2408
2417
2426
2435
2444
2453
2462
2471
2480
2489
2498
2507
2516
2525
2534
2543
2552
2561
2570
2579
2588
2597
2606
2615
2624
2633
2642
2651
2660
2669
2693
2698
2700
2702
2710
2715
2719
2724
2733
2742
2747
2756
2765
2774
2783
2792
2801
2810
2819
2828
2837
2846
2855
2864
2873
2882
2891
2900
2909
2918
2927
2936
2945
2954
2963
2972
2981
2990
2999
3008
3017
3026
3035
3044
3053
3062
3071
3080
3089
3098
3107
3116
3125
3134
3143
3152
3161
3170
3179
3188
3197
3206
3215
3224
3233
3242
3251
3260
3269
3278
3287
3296
3305
3314
3323
3332
3341
3350
3359
3368
3377
3386
3395
3404
3413
3422
3431
3440
3449
3458
3477
3485
3494
3503
3512
3521
3530
3539
3548
3557
3585
3590
3598
3605
3608
3611
3616
3623
3629
3640
3649
3658
3667
3676
3685
3694
3703
3712
3721
3730
3739
3748
3757
3766
3775
3784
3793
3802
3811
3820
3829
3838
3847
3856
3865
3874
3883
3892
3901
3910
3919
3928
3937
3946
3955
3964
3973
3982
3991
4000
4009
4018
4027
4036
4045
4054
4066
4075
4084
4093
4102
4111
4120
4129
4138
4147
4156
4165
4174
4183
4192
4201
4210
4219
4228
4237
4246
4255
4264
4273
4282
4291
4300
4309
4318
4327
4336
4345
4354
4363
4372
4381
4390
4399
4408
4417
4426
4435
4444
4453
4474
4480
4486
4490
4496
4504
4507
4515
4518
4522
4525
4527
4537
4540
4548
4554
4563
4572
4581
4590
4599
4608
4617
4626
4635
4644
4653
4662
4671
4680
4689
4698
4707
4716
4725
4734
4743
4752
4761
4770
4779
4788
4797
4806
4815
4824
4833
4842
4851
4860
4869
4878
4887
4896
4905
4914
4923
4932
4941
4950
4959
4968
4977
4986
4995
5004
5013
5022
5031
5040
5049
5058
5067
5076
5085
5094
5103
5112
5121
5130
5139
5148
5157
5166
5175
5184
5193
5202
5211
5220
5229
5238
5247
5256
5265
5274
5283
5292
5301
5310
5336
5345
5354
5363
5372
5379
5381
5392
5397
5404
5406
5410
5419
5422
5428
5430
5434
5444
5451
5456
5464
5473
5482
5491
5500
5509
5518
5527
5536
5545
5554
5563
5572
5581
5590
5599
5608
5617
5626
5635
5644
5653
5662
5671
5680
5689
5698
5707
5716
5725
5734
5743
5752
5761
5770
5779
5788
5797
5806
5815
5824
5833
5842
5851
5860
5869
5878
5887
5896
5905
5914
5923
5932
5941
5950
5959
5968
5977
5986
5995
6004
6013
6022
6031
6040
6049
6058
6067
6076
6085
6094
6103
6112
6121
6130
6139
6148
6157
6166
6175
6201
6210
6219
6228
6237
6246
6254
6262
6271
6280
6289
6295
6301
6305
6314
6323
6324
6328
6333
6337
6344
6348
6355
6364
6373
6383
6393
6402
6411
6420
6429
6438
6447
6456
6465
6474
6483
6492
6501
6510
6519
6528
6537
6546
6555
6564
6573
6582
6591
6600
6609
6618
6627
6636
6645
6654
6663
6672
6681
6690
6699
6708
6717
6726
6735
6744
6753
6762
6771
6780
6789
6798
6807
6816
6825
6834
6843
6852
6861
6870
6879
6888
6897
6906
6915
6924
6933
6942
6951
6960
6969
6978
6987
6996
7005
7014
7023
7032
7041
7050
7078
7087
7096
7105
7114
7123
7132
7140
7150
7158
7167
7174
7181
7186
7192
7199
7207
7214
7221
7230
7238
7246
7256
7261
7264
7271
7277
7282
7288
7299
7310
7319
7328
7337
7346
7355
7364
7373
7382
7391
7400
7409
7418
7427
7436
7445
7454
7463
7472
7481
7490
7499
7508
7517
7526
7535
7544
7553
7562
7571
7580
7589
7598
7607
7616
7625
7634
7643
7652
7661
7670
7679
7688
7697
7706
7715
7724
7733
7742
7751
7760
7769
7778
7787
7796
7805
7814
7823
7832
7841
7850
7859
7868
7877
7886
7895
7904
7913
7922
7931
7960
7969
7978
7987
7996
8005
8014
8023
8032
8041
8051
8064
8069
8076
8083
8090
8096
8103
8109
8113
8120
8128
8136
8140
8151
8160
8168
8173
8176
8187
8196
8200
8207
8216
8225
8234
8243
8252
8261
8270
8279
8288
8297
8306
8315
8324
8333
8342
8351
8360
8369
8378
8387
8396
8405
8414
8423
8432
8441
8450
8459
8468
8477
8486
8495
8504
8513
8522
8531
8540
8549
8558
8567
8576
8585
8594
8603
8612
8621
8630
8639
8648
8657
8666
8675
8684
8693
8702
8711
8720
8729
8738
8747
8756
8765
8774
8783
8792
8801
8810
8835
8844
8853
8862
8871
8880
8889
8898
8907
8916
8925
8934
8942
8950
8958
8966
9059
9065
9072
9080
9089
9098
9107
9116
9125
9134
9146
9155
9164
9173
9182
9191
9200
9209
9218
9227
9236
9245
9254
9263
9272
9281
9290
9299
9308
9317
9326
9335
9344
9353
9362
9371
9380
9389
9398
9407
9416
9425
9434
9443
9452
9461
9470
9479
9488
9497
9506
9515
9524
9533
9542
9551
9560
9569
9578
9587
9596
9605
9614
9623
9632
9641
9650
9659
9668
9677
9686
9695
9704
9713
9722
9731
9740
9749
9758
9767
9776
9785
9794
9802
9832
9838
9846
9854
9863
9872
9881
9889
9897
9909
9918
9928
9935
9943
9951
9956
9965
9972
9979
9987
9995
10000
10006
10015
10024
10033
10042
10051
10060
10069
10078
10087
10096
10105
10114
10123
10132
10141
10150
10159
10168
10177
10186
10195
10204
10213
10222
10231
10240
10249
10258
10267
10276
10285
10294
10303
10312
10321
10330
10339
10348
10357
10366
10375
10384
10393
10402
10411
10420
10429
10438
10447
10456
10465
10474
10483
10492
10501
10510
10519
10528
10537
10546
10555
10564
10573
10582
10591
10600
10609
10618
10627
10636
10645
10654
10663
10672
10681
10691
10700
10728
10734
10742
10759
10768
10777
10785
10793
10801
10810
10819
10828
10834
10840
10844
10850
10856
10858
10862
10869
10877
10884
10887
10894
10901
10912
10921
10930
10939
10948
10957
10966
10975
10984
10993
11002
11011
11020
11029
11038
11047
11056
11065
11074
11083
11092
11101
11110
11119
11128
11137
11146
11155
11164
11173
11182
11191
11200
11209
11218
11227
11236
11245
11254
11263
11272
11281
11290
11299
11308
11317
11326
11335
11344
11353
11362
11371
11380
11389
11398
11407
11416
11425
11434
11443
11452
11461
11470
11479
11488
11497
11506
11515
11524
11533
11542
11551
11560
11569
11577
11615
11623
11631
11639
11648
11657
11665
11673
11679
11687
11696
11705
11714
11722
11727
11733
11742
11749
11755
11759
11766
11772
11785
11792
11799
11806
11820
11829
11838
11847
11856
11865
11874
11883
11892
11901
11910
11919
11928
11937
11946
11955
11964
11973
11982
11991
12000
12009
12018
12027
12036
12045
12054
12063
12072
12081
12090
12099
12108
12117
12126
12135
12144
12153
12162
12171
12180
12189
12198
12207
12216
12225
12234
12243
12252
12261
12270
12279
12288
12297
12306
12315
12324
12333
12342
12351
12360
12369
12378
12387
12396
12405
12414
12423
12432
12441
12450
12459
12468
12476
12511
12518
12526
12534
12542
12551
12560
12570
12579
12588
12597
12605
12611
12619
12628
12637
12646
12653
12656
12668
12678
12687
12697
12708
12717
12729
12740
12749
12758
12767
12776
12785
12794
12803
12812
12821
12830
12839
12848
12857
12866
12875
12884
12893
12902
12911
12920
12929
12938
12947
12956
12965
12974
12983
12992
13001
13010
13019
13028
13037
13046
13055
13064
13073
13082
13091
13100
13109
13118
13127
13136
13145
13154
13163
13172
13181
13190
13199
13208
13217
13226
13235
13244
13253
13262
13271
13280
13289
13298
13307
13316
13325
13334
13343
13352
13361
13370
13378
13385
13393
13427
13435
13443
13451
13457
13465
13479
13488
13496
13499
13508
13517
13526
13535
13543
13551
13558
13565
13572
13581
13588
13609
13614
13621
13630
13639
13648
13657
13666
13675
13684
13693
13702
13711
13720
13729
13738
13747
13756
13765
13774
13783
13792
13801
13810
13819
13828
13837
13846
13855
13864
13873
13882
13891
13900
13909
13918
13927
13936
13945
13954
13963
13972
13981
13990
13999
14008
14017
14026
14035
14044
14053
14062
14071
14080
14089
14098
14107
14116
14125
14134
14143
14152
14161
14170
14179
14188
14197
14206
14215
14224
14233
14242
14251
14261
14269
14277
14286
14295
14304
14336
14343
14351
14358
14366
14375
14383
14390
14395
14403
14411
14419
14428
14436
14445
14450
14458
14466
14472
14478
14485
14489
14496
14504
14512
14520
14522
14534
14543
14552
14561
14570
14579
14588
14597
14606
14615
14624
14633
14642
14651
14660
14669
14678
14687
14696
14705
14714
14723
14732
14741
14750
14759
14768
14777
14786
14795
14804
14813
14822
14831
14840
14849
14858
14867
14876
14885
14894
14903
14912
14921
14930
14939
14948
14957
14966
14975
14984
14993
15002
15011
15020
15029
15038
15047
15056
15065
15074
15083
15092
15101
15110
15119
15128
15137
15145
15153
15164
15172
15181
15214
15223
15232
15241
15250
15258
15271
15275
15283
15289
15298
15306
15314
15322
15331
15339
15347
15354
15357
15367
15374
15380
15386
15395
15403
15411
15419
15427
15438
15449
15458
15467
15476
15485
15494
15503
15512
15521
15530
15539
15548
15557
15566
15575
15584
15593
15602
15611
15620
15629
15638
15647
15656
15665
15674
15683
15692
15701
15710
15719
15728
15737
15746
15755
15764
15773
15782
15791
15800
15809
15818
15827
15836
15845
15854
15863
15872
15881
15890
15899
15908
15917
15926
15935
15944
15953
15962
15971
15980
15989
15998
16007
16016
16025
16033
16041
16049
16058
16067
16076
16102
16111
16120
16128
16136
16143
16151
16160
16169
16177
16186
16194
16203
16211
16219
16233
16241
16249
16257
16264
16275
16282
16290
16299
16307
16316
16322
16328
16336
16342
16351
16360
16369
16378
16387
16396
16405
16414
16423
16432
16441
16450
16459
16468
16477
16486
16495
16504
16513
16522
16531
16540
16549
16558
16567
16576
16585
16594
16603
16612
16621
16630
16639
16648
16657
16666
16675
16684
16693
16702
16711
16720
16729
16738
16747
16756
16765
16774
16783
16792
16801
16810
16819
16828
16837
16846
16855
16864
16873
16882
16891
16900
16909
16917
16929
16936
16945
16954
16963
16972
17001
17010
17019
17027
17035
17043
17052
17061
17070
17078
17088
17094
17103
17111
17122
17130
17139
17148
17156
17163
17173
17181
17196
17204
17212
17220
17227
17233
17238
17246
17255
17264
17273
17282
17291
17300
17309
17318
17327
17336
17345
17354
17363
17372
17381
17390
17399
17408
17417
17426
17435
17444
17453
17462
17471
17480
17489
17498
17507
17516
17525
17534
17543
17552
17561
17570
17579
17588
17597
17606
17615
17624
17633
17642
17651
17660
17669
17678
17687
17696
17705
17714
17723
17732
17741
17750
17759
17768
17777
17786
17796
17804
17813
17821
17830
17839
17848
17857
17866
17875
17898
17907
17915
17923
17930
17939
17948
17957
17965
17973
17980
17986
17995
18003
18011
18017
18025
18034
18043
18051
18062
18071
18080
18088
18094
18102
18111
18120
18129
18136
18149
18154
18165
18174
18183
18192
18201
18210
18219
18228
18237
18246
18255
18264
18273
18282
18291
18300
18309
18318
18327
18336
18345
18354
18363
18372
18381
18390
18399
18408
18417
18426
18435
18444
18453
18462
18471
18480
18489
18498
18507
18516
18525
18534
18543
18552
18561
18570
18579
18588
18597
18606
18615
18624
18633
18642
18651
18660
18669
18678
18687
18695
18698
18706
18715
18724
18733
18742
18751
18760
18787
18796
18805
18813
18820
18832
18841
18850
18858
18865
18873
18882
18891
18900
18908
18913
18921
18930
18939
18948
18956
18967
18975
18983
18991
18994
19006
19015
19024
19033
19041
19050
19055
19063
19071
19079
19083
19089
19098
19107
19116
19125
19134
19143
19152
19161
19170
19179
19188
19197
19206
19215
19224
19233
19242
19251
19260
19269
19278
19287
19296
19305
19314
19323
19332
19341
19350
19359
19368
19377
19386
19395
19404
19413
19422
19431
19440
19449
19458
19467
19476
19485
19494
19503
19512
19521
19530
19539
19548
19557
19566
19575
19583
19591
19599
19604
19612
19621
19630
19639
19667
19676
19685
19694
19702
19710
19719
19728
19737
19746
19755
19764
19772
19787
19796
19804
19812
19816
19826
19835
19844
19853
19861
19869
19872
19885
19892
19900
19909
19917
19925
19929
19934
19943
19952
19961
19969
19977
19984
19993
20002
20011
20020
20029
20038
20047
20056
20065
20074
20083
20092
20101
20110
20119
20128
20137
20146
20155
20164
20173
20182
20191
20200
20209
20218
20227
20236
20245
20254
20263
20272
20281
20290
20299
20308
20317
20326
20335
20344
20353
20362
20371
20380
20389
20398
20407
20416
20425
20434
20443
20452
20461
20470
20479
20488
20496
20502
20509
20518
20527
20560
20569
20578
20587
20596
20605
20614
20622
20629
20638
20647
20656
20665
20674
20684
20693
20701
20709
20716
20724
20733
20742
20750
20752
20763
20772
20781
20790
20799
20807
20815
20823
20832
20841
20850
20859
20868
20876
20884
20891
20898
20907
20916
20925
20934
20943
20952
20961
20970
20979
20988
20997
21006
21015
21024
21033
21042
21051
21060
21069
21078
21087
21096
21105
21114
21123
21132
21141
21150
21159
21168
21177
21186
21195
21204
21213
21222
21231
21240
21249
21258
21267
21276
21285
21294
21303
21312
21321
21330
21339
21348
21357
21366
21375
21382
21390
21399
21407
21416
21425
21457
21466
21475
21484
21493
21502
21511
21520
21529
21537
21549
21557
21566
21575
21583
21591
21599
21607
21615
21622
21631
21641
21649
21662
21671
21679
21687
21694
21701
21708
21712
21718
21727
21738
21747
21756
21765
21773
21781
21787
21794
21803
21812
21821
21830
21839
21848
21857
21866
21875
21884
21893
21902
21911
21920
21929
21938
21947
21956
21965
21974
21983
21992
22001
22010
22019
22028
22037
22046
22055
22064
22073
22082
22091
22100
22109
22118
22127
22136
22145
22154
22163
22172
22181
22190
22199
22208
22217
22226
22235
22244
22253
22262
22270
22278
22286
22295
22304
22313
22322
22354
22363
22372
22381
22390
22399
22408
22417
22426
22435
22443
22454
22462
22470
22478
22487
22496
22504
22512
22519
22522
22531
22540
22548
22556
22564
22573
22582
22591
22600
22608
22619
22623
22638
22647
22656
22665
22674
22682
22690
22701
22710
22719
22728
22737
22746
22755
22764
22773
22782
22791
22800
22809
22818
22827
22836
22845
22854
22863
22872
22881
22890
22899
22908
22917
22926
22935
22944
22953
22962
22971
22980
22989
22998
23007
23016
23025
23034
23043
23052
23061
23070
23079
23088
23097
23106
23115
23124
23133
23142
23151
23160
23168
23177
23184
23193
23202
23211
23220
23229
23256
23265
23274
23283
23292
23301
23310
23319
23328
23337
23345
23352
23359
23364
23371
23378
23384
23391
23399
23407
23417
23427
23434
23442
23450
23461
23470
23479
23488
23497
23505
23509
23515
23522
23530
23538
23548
23552
23560
23568
23581
23590
23599
23608
23617
23626
23635
23644
23653
23662
23671
23680
23689
23698
23707
23716
23725
23734
23743
23752
23761
23770
23779
23788
23797
23806
23815
23824
23833
23842
23851
23860
23869
23878
23887
23896
23905
23914
23923
23932
23941
23950
23959
23968
23977
23986
23995
24004
24013
24022
24031
24040
24049
24058
24066
24074
24081
24090
24099
24108
24140
24149
24158
24167
24176
24185
24194
24203
24212
24221
24230
24239
24247
24255
24265
24270
24277
24285
24292
24301
24306
24312
24322
24331
24340
24348
24359
24367
24376
24385
24393
24399
24406
24415
24424
24432
24440
24447
24456
24464
24472
24480
24489
24498
24507
24516
24525
24534
24543
24552
24561
24570
24579
24588
24597
24606
24615
24624
24633
24642
24651
24660
24669
24678
24687
24696
24705
24714
24723
24732
24741
24750
24759
24768
24777
24786
24795
24804
24813
24822
24831
24840
24849
24858
24867
24876
24885
24894
24903
24912
24921
24930
24939
24948
24957
24965
24971
24979
24988
24997
25027
25036
25045
25054
25063
25072
25081
25090
25099
25108
25117
25126
25135
25144
25152
25160
25167
25176
25185
25194
25203
25209
25216
25223
25236
25244
25252
25260
25266
25275
25282
25290
25302
25311
25320
25328
25335
25343
25354
25362
25368
25376
25385
25394
25403
25412
25421
25430
25439
25448
25457
25466
25475
25484
25493
25502
25511
25520
25529
25538
25547
25556
25565
25574
25583
25592
25601
25610
25619
25628
25637
25646
25655
25664
25673
25682
25691
25700
25709
25718
25727
25736
25745
25754
25763
25772
25781
25790
25799
25808
25817
25826
25835
25843
25851
25858
25867
25876
25885
25894
25922
25931
25940
25949
25958
25967
25976
25985
25994
26003
26012
26021
26030
26039
26048
26057
26065
26073
26081
26087
26093
26101
26109
26116
26126
26134
26142
26151
26160
26169
26178
26186
26193
26200
26209
26217
26225
26234
26243
26251
26259
26267
26276
26285
26294
26303
26312
26321
26330
26339
26348
26357
26366
26375
26384
26393
26405
26414
26423
26432
26441
26450
26459
26468
26477
26486
26495
26504
26513
26522
26531
26540
26549
26558
26567
26576
26585
26594
26603
26612
26621
26630
26639
26648
26657
26666
26675
26684
26693
26702
26711
26720
26729
26738
26747
26755
26763
26771
26780
26789
26813
26822
26831
26840
26849
26858
26867
26876
26885
26894
26903
26912
26921
26930
26939
26948
26957
26966
26975
26983
26991
26997
27005
27013
27021
27033
27039
27046
27056
27066
27075
27083
27088
27100
27108
27116
27125
27133
27142
27151
27159
27167
27174
27184
27193
27202
27211
27220
27229
27238
27247
27256
27265
27274
27283
27292
27301
27310
27319
27328
27337
27346
27355
27364
27373
27382
27391
27400
27409
27418
27427
27436
27445
27454
27463
27472
27481
27490
27499
27508
27517
27526
27535
27544
27553
27562
27571
27580
27589
27598
27607
27616
27625
27634
27643
27651
27659
27668
27677
27686
27714
27723
27732
27741
27750
27759
27768
27777
27786
27795
27804
27813
27822
27831
27840
27849
27858
27867
27876
27884
27892
27899
27906
27914
27922
27926
27934
27942
27950
27956
27962
27969
27977
27983
27992
27998
28004
28012
28021
28027
28035
28043
28049
28057
28066
28075
28084
28093
28102
28111
28120
28129
28138
28147
28156
28165
28174
28183
28192
28201
28210
28219
28228
28237
28246
28255
28264
28273
28282
28291
28300
28309
28318
28327
28336
28345
28354
28363
28372
28381
28390
28399
28408
28417
28426
28435
28444
28453
28462
28471
28480
28489
28498
28507
28516
28525
28534
28543
28551
28563
28610
28619
28628
28637
28646
28655
28664
28673
28682
28691
28700
28709
28718
28727
28736
28745
28754
28763
28772
28780
28788
28795
28800
28807
28815
28821
28829
28833
28840
28849
28855
28869
28877
28884
28893
28899
28906
28913
28919
28924
28932
28941
28949
28957
28965
28972
28981
28990
28999
29008
29017
29026
29035
29044
29053
29062
29071
29080
29089
29098
29107
29116
29125
29134
29143
29152
29161
29170
29179
29188
29197
29206
29215
29224
29233
29242
29251
29260
29269
29278
29287
29296
29305
29314
29323
29332
29341
29350
29359
29368
29377
29386
29395
29404
29413
29422
29431
29439
29447
29455
29500
29509
29518
29527
29536
29545
29554
29563
29572
29581
29590
29599
29608
29617
29626
29635
29644
29653
29662
29670
29683
29690
29699
29708
29717
29725
29742
29750
29756
29763
29773
29780
29789
29798
29805
29811
29815
29820
29827
29839
29842
29850
29862
29871
29880
29889
29898
29907
29916
29925
29934
29943
29952
29961
29970
29979
29988
29997
30006
30015
30024
30033
30042
30051
30060
30069
30078
30087
30096
30105
30114
30123
30132
30141
30150
30159
30168
30177
30186
30195
30204
30213
30222
30231
30240
30249
30258
30267
30276
30285
30294
30303
30314
30322
30333
30341
30350
30359
30368
30377
30413
30422
30431
30440
30449
30458
30467
30476
30485
30494
30503
30512
30521
30530
30539
30547
30555
30563
30570
30579
30588
30597
30606
30615
30623
30630
30637
30646
30653
30660
30665
30670
30673
30685
30692
30700
30707
30715
30721
30725
30735
30740
30748
30761
30769
30778
30787
30796
30805
30814
30823
30832
30841
30850
30859
30868
30877
30886
30895
30904
30913
30922
30931
30940
30949
30958
30967
30976
30985
30994
31003
31012
31021
31030
31039
31048
31057
31066
31075
31084
31093
31102
31111
31120
31129
31138
31147
31156
31165
31174
31183
31192
31203
31211
31219
31222
31231
31240
31249
31258
31288
31297
31306
31315
31324
31333
31342
31351
31360
31369
31378
31387
31396
31405
31414
31423
31431
31439
31446
31455
31464
31473
31482
31491
31500
31508
31516
31519
31525
31534
31543
31553
31560
31568
31576
31584
31594
31602
31609
31621
31628
31634
31639
31645
31653
31656
31663
31672
31681
31690
31699
31708
31717
31726
31735
31744
31753
31762
31771
31780
31789
31798
31807
31816
31825
31834
31843
31852
31861
31870
31879
31888
31897
31906
31915
31924
31933
31942
31951
31960
31969
31978
31987
31996
32005
32014
32023
32032
32041
32050
32059
32068
32077
32086
32095
32104
32114
32123
32132
32141
32167
32173
32182
32191
32200
32209
32218
32227
32236
32245
32254
32263
32272
32281
32290
32299
32308
32317
32324
32332
32343
32352
32361
32370
32378
32388
32395
32404
32413
32422
32431
32440
32449
32457
32468
32476
32485
32494
32503
32511
32519
32526
32531
32540
32546
32553
32559
32569
32577
32583
32592
32601
32610
32619
32628
32637
32646
32655
32664
32673
32682
32691
32700
32709
32718
32727
32736
32745
32754
32763
32772
32781
32790
32799
32808
32817
32826
32835
32844
32853
32862
32871
32880
32889
32898
32907
32916
32925
32934
32943
32952
32961
32970
32978
32986
32995
33004
33013
33022
33031
33064
33073
33082
33091
33100
33109
33118
33127
33136
33145
33154
33163
33172
33181
33190
33199
33207
33219
33227
33236
33245
33254
33263
33272
33280
33288
33296
33303
33312
33321
33330
33339
33347
33352
33360
33369
33378
33387
33396
33405
33414
33423
33431
33437
33443
33450
33453
33458
33464
33470
33476
33487
33494
33502
33510
33519
33528
33537
33546
33555
33564
33573
33582
33591
33600
33609
33618
33627
33636
33645
33654
33663
33672
33681
33690
33699
33708
33717
33726
33735
33744
33753
33762
33771
33780
33789
33798
33807
33816
33825
33834
33843
33852
33861
33869
33878
33889
33898
33907
33916
33948
33957
33966
33975
33984
33993
34002
34011
34020
34029
34038
34047
34056
34065
34074
34083
34092
34101
34110
34118
34124
34132
34141
34150
34159
34168
34177
34186
34194
34205
34214
34223
34231
34241
34246
34255
34264
34273
34282
34291
34300
34308
34316
34324
34331
34345
34352
34361
34370
34379
34387
34395
34400
34407
34415
34428
34437
34446
34455
34464
34473
34482
34491
34500
34509
34518
34527
34536
34545
34554
34563
34572
34581
34590
34599
34608
34617
34626
34635
34644
34653
34662
34671
34680
34689
34698
34707
34716
34725
34734
34743
34752
34759
34767
34773
34781
34790
34799
34808
34817
34850
34859
34868
34877
34886
34895
34904
34913
34922
34931
34940
34949
34958
34967
34976
34985
34994
35003
35012
35020
35026
35035
35044
35053
35062
35071
35079
35087
35096
35105
35113
35121
35128
35135
35144
35153
35162
35171
35180
35189
35198
35206
35214
35220
35225
35233
35241
35249
35257
35271
35280
35288
35295
35304
35313
35321
35327
35336
35345
35354
35363
35372
35381
35390
35399
35408
35417
35426
35435
35444
35453
35462
35471
35480
35489
35498
35507
35516
35525
35534
35543
35552
35561
35570
35579
35588
35597
35606
35615
35624
35633
35642
35651
35660
35668
35677
35684
35693
35702
35711
35743
35752
35761
35770
35779
35788
35797
35806
35815
35824
35833
35842
35851
35860
35869
35878
35887
35896
35905
35913
35918
35929
35938
35947
35956
35965
35974
35982
35993
36001
36010
36019
36027
36033
36042
36051
36060
36069
36078
36087
36096
36104
36112
36119
36130
36139
36148
36156
36163
36169
36177
36185
36194
36198
36208
36224
36233
36242
36251
36260
36269
36278
36287
36296
36305
36314
36323
36332
36341
36350
36359
36368
36377
36386
36395
36404
36413
36422
36431
36440
36449
36458
36467
36476
36485
36494
36503
36512
36521
36530
36539
36548
36556
36562
36570
36579
36588
36597
36606
36615
36626
36635
36644
36653
36662
36671
36680
36689
36698
36707
36716
36725
36734
36743
36752
36761
36770
36779
36788
36797
36806
36814
36821
36829
36838
36847
36856
36865
36873
36883
36889
36898
36907
36916
36925
36934
36943
36952
36960
36966
36975
36984
36993
37002
37011
37020
37028
37043
37052
37060
37068
37075
37080
37089
37094
37103
37111
37119
37131
37140
37149
37158
37167
37176
37185
37194
37203
37212
37221
37230
37239
37248
37257
37266
37275
37284
37293
37302
37311
37320
37329
37338
37347
37356
37365
37374
37383
37392
37401
37410
37419
37428
37437
37446
37454
37462
37465
37469
37478
37487
37513
37523
37532
37541
37550
37559
37568
37577
37586
37595
37604
37613
37622
37631
37640
37649
37658
37667
37676
37685
37694
37703
37711
37719
37731
37739
37749
37757
37765
37773
37782
37791
37800
37809
37818
37827
37836
37846
37854
37867
37876
37885
37894
37903
37912
37921
37929
37937
37944
37953
37961
37968
37975
37979
37991
37996
38003
38012
38020
38028
38036
38045
38054
38063
38072
38081
38090
38099
38108
38117
38126
38135
38144
38153
38162
38171
38180
38189
38198
38207
38216
38225
38234
38243
38252
38261
38270
38279
38288
38297
38306
38315
38324
38333
38342
38351
38359
38369
38377
38386
38419
38428
38437
38446
38455
38464
38473
38482
38491
38500
38509
38518
38527
38536
38545
38554
38563
38572
38581
38590
38598
38606
38612
38620
38629
38638
38646
38654
38662
38671
38680
38689
38698
38707
38716
38725
38733
38740
38753
38762
38771
38780
38789
38798
38807
38816
38825
38834
38842
38849
38859
38867
38875
38883
38889
38895
38905
38910
38917
38925
38930
38939
38948
38957
38965
38974
38983
38992
39001
39010
39019
39028
39037
39046
39055
39064
39073
39082
39091
39100
39109
39118
39127
39136
39145
39154
39163
39172
39181
39190
39199
39208
39217
39226
39235
39243
39251
39259
39267
39276
39307
39316
39325
39334
39343
39352
39361
39370
39379
39388
39397
39406
39415
39424
39433
39442
39451
39460
39469
39478
39487
39496
39505
39513
39521
39527
39534
39542
39550
39558
39565
39573
39582
39591
39600
39609
39617
39624
39631
39640
39649
39658
39667
39676
39685
39694
39703
39712
39721
39730
39739
39747
39755
39761
39768
39775
39784
39792
39800
39807
39814
39822
39829
39835
39840
39849
39856
39867
39876
39885
39894
39903
39912
39921
39930
39939
39948
39957
39966
39975
39984
39993
40002
40011
40020
40029
40038
40047
40056
40065
40074
40083
40092
40101
40110
40119
40128
40136
40144
40152
40186
40195
40204
40213
40222
40231
40240
40249
40258
40267
40276
40285
40294
40303
40312
40321
40330
40339
40348
40357
40366
40375
40384
40393
40401
40409
40414
40423
40432
40441
40448
40456
40465
40474
40483
40492
40501
40509
40519
40530
40539
40548
40557
40566
40575
40584
40593
40602
40611
40620
40629
40637
40645
40652
40661
40670
40679
40688
40696
40704
40711
40718
40726
40734
40745
40753
40762
40769
40778
40787
40796
40805
40814
40823
40832
40841
40850
40859
40868
40877
40886
40895
40904
40913
40922
40931
40940
40949
40958
40967
40976
40985
40994
41003
41012
41021
41030
41038
41046
41051
41097
41106
41115
41124
41133
41142
41151
41160
41169
41178
41187
41196
41205
41214
41223
41232
41241
41250
41259
41268
41277
41286
41295
41303
41310
41321
41329
41337
41347
41356
41365
41374
41383
41391
41399
41407
41413
41422
41431
41440
41449
41458
41467
41476
41485
41494
41503
41512
41521
41530
41539
41548
41557
41565
41573
41579
41587
41595
41602
41613
41618
41629
41641
41650
41659
41668
41677
41686
41695
41704
41713
41722
41731
41740
41749
41758
41767
41776
41785
41794
41803
41812
41821
41830
41839
41848
41857
41866
41875
41884
41893
41902
41911
41920
41929
41937
41945
41952
41961
41970
41991
42000
42009
42018
42027
42036
42045
42054
42063
42072
42081
42090
42099
42108
42117
42126
42135
42144
42153
42162
42171
42180
42189
42198
42206
42214
42218
42233
42241
42249
42263
42272
42281
42290
42299
42307
42315
42318
42326
42335
42344
42353
42362
42371
42380
42389
42398
42407
42416
42425
42434
42443
42451
42460
42469
42478
42487
42497
42505
42514
42522
42529
42536
42542
42552
42559
42572
42581
42590
42599
42608
42617
42626
42635
42644
42653
42662
42671
42680
42689
42698
42707
42716
42725
42734
42743
42752
42761
42770
42779
42788
42797
42806
42815
42826
42834
42842
42850
42858
42866
42900
42909
42918
42927
42936
42945
42954
42963
42972
42981
42990
42999
43008
43017
43026
43035
43044
43053
43062
43071
43080
43088
43096
43103
43114
43122
43130
43138
43145
43155
43164
43173
43182
43191
43199
43208
43217
43226
43235
43244
43253
43262
43271
43280
43289
43298
43307
43315
43323
43329
43339
43348
43357
43366
43375
43384
43393
43401
43409
43417
43423
43432
43441
43449
43457
43464
43468
43475
43483
43492
43501
43510
43519
43528
43537
43546
43555
43564
43573
43582
43591
43600
43609
43618
43627
43636
43645
43654
43663
43672
43681
43690
43699
43708
43717
43726
43735
43743
43751
43759
43797
43806
43815
43824
43833
43842
43851
43860
43869
43878
43887
43896
43905
43914
43923
43932
43941
43950
43959
43968
43977
43985
43993
43999
44006
44015
44023
44031
44047
44057
44066
44074
44082
44094
44103
44112
44121
44130
44139
44148
44157
44166
44175
44184
44193
44201
44209
44218
44227
44236
44245
44254
44263
44272
44283
44291
44298
44305
44312
44321
44330
44339
44347
44355
44363
44371
44378
44386
44389
44397
44406
44415
44424
44433
44442
44451
44460
44469
44478
44487
44496
44505
44514
44523
44532
44541
44550
44559
44568
44577
44586
44595
44604
44613
44622
44631
44639
44647
44654
44661
44709
44718
44727
44736
44745
44754
44763
44772
44781
44790
44799
44808
44817
44826
44835
44844
44853
44862
44871
44880
44888
44896
44905
44914
44923
44931
44939
44945
44951
44960
44969
44980
44988
44996
45002
45010
45019
45028
45037
45046
45055
45064
45073
45082
45091
45100
45108
45116
45123
45130
45139
45148
45157
45166
45175
45184
45192
45200
45215
45223
45232
45241
45249
45257
45265
45272
45276
45283
45291
45298
45304
45313
45322
45331
45340
45349
45358
45367
45376
45385
45394
45403
45412
45421
45430
45439
45448
45457
45466
45475
45484
45493
45502
45511
45520
45529
45538
45547
45555
45563
45619
45628
45637
45646
45655
45664
45673
45682
45691
45700
45709
45718
45727
45736
45745
45754
45762
45770
45777
45785
45794
45803
45812
45821
45827
45835
45843
45849
45857
45866
45875
45884
45892
45900
45908
45915
45920
45929
45938
45947
45956
45965
45974
45983
45992
46000
46008
46016
46023
46031
46040
46049
46058
46067
46075
46086
46094
46103
46112
46121
46130
46138
46146
46163
46170
46178
46186
46198
46207
46216
46225
46234
46243
46252
46261
46270
46279
46288
46297
46306
46315
46324
46333
46342
46351
46360
46369
46378
46387
46396
46405
46414
46423
46432
46441
46450
46458
46466
46474
46478
46532
46541
46550
46559
46568
46577
46586
46595
46604
46613
46622
46631
46640
46648
46656
46661
46670
46679
46688
46697
46706
46715
46724
46732
46740
46746
46754
46763
46772
46781
46790
46801
46809
46817
46825
46832
46842
46851
46860
46869
46878
46887
46896
46905
46913
46921
46929
46936
46944
46953
46961
46969
46977
46985
46994
47003
47012
47020
47028
47035
47039
47048
47057
47066
47075
47083
47091
47099
47106
47114
47123
47132
47141
47150
47159
47168
47177
47186
47195
47204
47213
47222
47231
47240
47249
47258
47267
47276
47285
47294
47303
47312
47321
47330
47339
47348
47357
47365
47373
47385
47427
47436
47445
47454
47463
47472
47481
47490
47499
47508
47517
47526
47535
47544
47552
47560
47568
47575
47584
47593
47601
47609
47617
47630
47639
47648
47657
47666
47675
47684
47693
47702
47710
47718
47724
47736
47745
47754
47763
47772
47781
47790
47799
47807
47815
47827
47835
47844
47852
47860
47873
47882
47891
47900
47909
47917
47925
47930
47937
47946
47955
47964
47973
47982
47991
48000
48009
48017
48025
48031
48042
48051
48060
48069
48078
48087
48096
48105
48114
48123
48132
48141
48150
48159
48168
48177
48186
48195
48204
48213
48222
48231
48240
48249
48258
48267
48275
48283
48299
48308
48346
48355
48364
48373
48382
48391
48400
48409
48418
48427
48436
48444
48452
48466
48475
48484
48491
48499
48507
48518
48528
48537
48546
48555
48564
48573
48582
48591
48600
48609
48617
48625
48632
48642
48651
48660
48669
48678
48687
48696
48705
48713
48720
48729
48738
48747
48755
48763
48770
48777
48786
48795
48803
48811
48824
48833
48842
48851
48860
48869
48878
48887
48896
48904
48912
48920
48927
48936
48945
48954
48963
48972
48981
48990
48999
49008
49017
49026
49035
49044
49053
49062
49071
49080
49089
49098
49107
49116
49125
49134
49143
49152
49161
49170
49178
49186
49198
49206
49215
49224
49262
49271
49280
49289
49298
49307
49316
49325
49334
49341
49349
49357
49364
49373
49382
49391
49400
49408
49416
49427
49436
49445
49454
49463
49472
49481
49490
49502
49510
49518
49522
49533
49542
49551
49560
49569
49578
49586
49594
49602
49608
49620
49629
49638
49647
49656
49665
49673
49681
49685
49696
49705
49714
49724
49732
49740
49748
49757
49766
49775
49784
49792
49800
49808
49814
49823
49832
49841
49850
49859
49868
49877
49886
49895
49904
49913
49922
49931
49940
49949
49958
49967
49976
49985
49994
50003
50012
50021
50030
50039
50048
50057
50066
50074
50083
50090
50098
50107
50116
50125
50151
50160
50169
50178
50187
50196
50205
50214
50223
50231
50239
50247
50254
50265
50274
50283
50292
50300
50308
50315
50323
50331
50340
50349
50358
50367
50376
50385
50393
50401
50408
50415
50424
50433
50442
50451
50460
50469
50478
50487
50495
50503
50511
50518
50527
50536
50545
50554
50562
50570
50582
50591
50600
50609
50618
50626
50634
50647
50656
50665
50674
50683
50692
50701
50709
50717
50724
50736
50745
50754
50763
50772
50781
50790
50799
50808
50817
50826
50835
50844
50853
50862
50871
50880
50889
50898
50907
50916
50925
50934
50943
50952
50961
50969
50977
50986
50995
51004
51013
51022
51058
51067
51076
51085
51094
51103
51112
51121
51130
51138
51146
51151
51159
51168
51177
51186
51194
51202
51210
51217
51227
51235
51244
51252
51257
51266
51275
51284
51292
51300
51308
51323
51332
51341
51350
51359
51368
51377
51386
51395
51403
51411
51419
51430
51439
51448
51457
51465
51473
51481
51487
51499
51508
51517
51526
51535
51543
51551
51559
51562
51575
51584
51592
51600
51609
51615
51624
51633
51642
51651
51660
51669
51678
51687
51696
51705
51714
51723
51732
51741
51750
51759
51768
51777
51786
51795
51804
51813
51822
51831
51840
51849
51858
51867
51875
51883
51891
51901
51909
51918
51953
51962
51971
51980
51989
51998
52007
52016
52025
52033
52041
52049
52057
52064
52068
52078
52086
52094
52104
52113
52122
52131
52140
52149
52158
52167
52176
52185
52194
52202
52210
52218
52223
52232
52241
52250
52259
52268
52277
52286
52295
52303
52311
52319
52331
52340
52349
52358
52367
52376
52384
52394
52403
52412
52421
52430
52439
52447
52455
52461
52468
52479
52487
52495
52503
52509
52519
52528
52537
52546
52555
52564
52573
52582
52591
52600
52609
52618
52627
52636
52645
52654
52663
52672
52681
52690
52699
52708
52717
52726
52735
52744
52753
52761
52769
52777
52785
52794
52803
52812
52844
52853
52862
52871
52880
52889
52898
52907
52916
52925
52934
52943
52951
52959
52972
52981
52990
52999
53008
53017
53026
53035
53044
53053
53062
53071
53080
53089
53098
53107
53115
53123
53131
53142
53150
53159
53168
53177
53186
53195
53204
53213
53221
53228
53234
53241
53250
53258
53266
53274
53282
53291
53300
53309
53318
53327
53336
53345
53353
53361
53368
53375
53382
53389
53397
53405
53408
53415
53424
53433
53442
53451
53460
53469
53478
53487
53496
53505
53514
53523
53532
53541
53550
53559
53568
53577
53586
53595
53604
53613
53622
53631
53640
53649
53658
53666
53674
53682
53693
53702
53743
53752
53761
53770
53779
53788
53797
53806
53815
53824
53833
53842
53850
53859
53868
53877
53887
53895
53903
53911
53919
53928
53937
53946
53955
53964
53973
53982
53991
54000
54009
54018
54026
54034
54040
54047
54057
54066
54075
54083
54091
54105
54114
54123
54132
54141
54149
54157
54165
54171
54180
54189
54198
54207
54216
54225
54234
54243
54251
54259
54262
54271
54280
54289
54297
54307
54316
54325
54334
54343
54352
54361
54370
54379
54388
54397
54406
54415
54424
54433
54442
54451
54460
54469
54478
54487
54496
54505
54514
54523
54532
54541
54550
54559
54568
54576
54584
54592
54595
54602
54652
54661
54670
54679
54688
54697
54706
54715
54724
54733
54742
54750
54758
54767
54775
54784
54793
54801
54809
54817
54822
54829
54838
54847
54856
54865
54874
54883
54892
54901
54909
54917
54925
54933
54942
54951
54960
54968
54976
54984
54991
54998
55007
55016
55025
55034
55043
55051
55059
55067
55074
55083
55092
55101
55110
55119
55128
55137
55146
55155
55164
55171
55178
55185
55192
55197
55208
55217
55226
55235
55244
55253
55262
55271
55280
55289
55298
55307
55316
55325
55334
55343
55352
55361
55370
55379
55388
55397
55406
55415
55424
55433
55442
55451
55460
55469
55477
55485
55493
55499
55555
55564
55573
55582
55591
55600
55609
55618
55627
55636
55645
55653
55661
55669
55670
55679
55688
55696
55704
55713
55719
55728
55737
55746
55755
55764
55773
55782
55791
55800
55808
55816
55824
55833
55842
55851
55860
55869
55877
55885
55893
55901
55910
55919
55928
55937
55945
55953
55965
55973
55982
55991
56000
56009
56018
56027
56036
56045
56054
56063
56071
56078
56083
56090
56100
56106
56113
56121
56130
56139
56148
56157
56166
56175
56184
56192
56201
56210
56219
56228
56237
56246
56255
56264
56273
56282
56291
56300
56309
56318
56327
56336
56345
56354
56363
56372
56380
56388
56396
56402
56443
56452
56461
56470
56479
56488
56497
56506
56515
56524
56533
56542
56551
56559
56566
56574
56582
56589
56598
56606
56614
56622
56632
56642
56651
56660
56669
56678
56687
56695
56703
56714
56722
56731
56740
56749
56758
56767
56775
56783
56792
56801
56810
56819
56827
56835
56843
56851
56859
56868
56877
56886
56895
56904
56913
56922
56931
56940
56949
56958
56967
56976
56986
56993
57000
57007
57014
57021
57026
57032
57041
57050
57059
57068
57077
57086
57095
57104
57113
57122
57131
57140
57149
57158
57167
57176
57185
57194
57203
57212
57221
57230
57239
57248
57257
57265
57273
57281
57289
57298
57324
57333
57342
57351
57360
57369
57378
57387
57396
57405
57414
57423
57432
57441
57450
57459
57467
57475
57483
57489
57497
57504
57512
57520
57526
57532
57539
57548
57557
57566
57574
57582
57590
57591
57600
57609
57618
57627
57636
57645
57653
57661
57672
57682
57691
57700
57709
57718
57727
57736
57744
57752
57759
57767
57776
57785
57794
57803
57812
57821
57830
57839
57848
57857
57866
57875
57884
57893
57902
57910
57917
57924
57929
57933
57940
57946
57953
57962
57971
57980
57989
57998
58007
58016
58025
58034
58043
58052
58061
58070
58079
58088
58097
58106
58115
58124
58133
58142
58151
58160
58209
58216
58221
58230
58239
58248
58257
58266
58275
58284
58293
58302
58311
58320
58329
58338
58347
58355
58363
58371
58380
58388
58397
58406
58414
58422
58425
58435
58444
58453
58464
58472
58480
58487
58494
58503
58512
58521
58530
58538
58546
58554
58562
58569
58576
58583
58592
58601
58610
58619
58628
58636
58644
58652
58661
58670
58679
58688
58697
58706
58715
58724
58733
58742
58751
58760
58769
58778
58787
58796
58805
58813
58821
58827
58835
58843
58851
58857
58866
58875
58884
58893
58902
58911
58920
58929
58938
58947
58956
58965
58974
58983
58992
59001
59010
59019
59028
59037
59046
59055
59105
59113
59122
59130
59139
59148
59157
59166
59175
59184
59193
59202
59211
59220
59229
59238
59248
59256
59264
59271
59280
59289
59298
59306
59314
59322
59333
59336
59345
59353
59361
59369
59374
59384
59393
59402
59411
59420
59429
59438
59447
59455
59463
59470
59477
59487
59496
59505
59514
59523
59531
59539
59547
59558
59569
59578
59587
59596
59605
59614
59623
59632
59641
59650
59659
59668
59677
59686
59695
59704
59713
59721
59729
59736
59749
59757
59769
59776
59785
59794
59803
59812
59821
59830
59839
59848
59857
59866
59875
59884
59893
59902
59911
59920
59929
59938
59947
59956
59965
59974
60025
60032
60041
60050
60059
60068
60077
60086
60095
60104
60113
60123
60131
60139
60146
60155
60164
60173
60181
60189
60198
60207
60216
60225
60234
60243
60251
60259
60267
60275
60284
60293
60302
60311
60320
60329
60338
60347
60356
60365
60372
60380
60388
60397
60406
60415
60423
60431
60439
60452
60461
60470
60479
60488
60497
60506
60515
60524
60533
60542
60551
60560
60569
60578
60587
60596
60605
60614
60622
60630
60644
60652
60660
60668
60674
60683
60692
60701
60710
60719
60728
60737
60746
60755
60764
60773
60782
60791
60800
60809
60818
60827
60836
60845
60854
60863
60872
60881
60890
60899
60941
60950
60958
60967
60976
60985
60994
61003
61011
61019
61027
61035
61043
61051
61058
61066
61074
61082
61088
61096
61105
61114
61123
61132
61139
61147
61155
61158
61170
61179
61188
61197
61206
61215
61224
61233
61242
61250
61258
61268
61276
61285
61294
61303
61312
61321
61330
61338
61346
61352
61357
61365
61374
61383
61392
61401
61410
61419
61428
61437
61446
61455
61464
61473
61482
61491
61500
61508
61516
61529
61538
61547
61556
61565
61573
61581
61588
61595
61604
61613
61622
61631
61640
61649
61658
61667
61676
61685
61694
61703
61712
61721
61730
61739
61748
61757
61766
61775
61784
61793
61825
61833
61842
61850
61858
61865
61873
61882
61891
61900
61909
61918
61926
61934
61943
61951
61959
61969
61977
61984
61989
61998
62007
62016
62025
62034
62043
62051
62061
62070
62079
62088
62097
62106
62115
62124
62133
62142
62154
62162
62170
62175
62188
62197
62206
62214
62222
62230
62238
62244
62252
62261
62270
62279
62288
62297
62306
62315
62324
62333
62342
62351
62360
62369
62378
62387
62396
62404
62412
62420
62426
62434
62443
62452
62460
62468
62480
62491
62500
62509
62518
62527
62536
62545
62554
62563
62572
62581
62590
62599
62608
62617
62626
62635
62644
62653
62662
62671
62680
62689
62727
62736
62744
62750
62758
62766
62773
62782
62791
62800
62809
62818
62826
62834
62840
62847
62856
62865
62873
62881
62892
62899
62908
62917
62925
62933
62936
62947
62956
62965
62974
62983
62992
63001
63010
63019
63028
63037
63046
63055
63063
63071
63077
63086
63095
63104
63113
63122
63131
63140
63148
63156
63164
63172
63181
63190
63199
63208
63217
63226
63235
63244
63253
63262
63271
63280
63289
63297
63305
63313
63321
63328
63337
63346
63354
63362
63368
63376
63385
63394
63403
63412
63421
63430
63439
63448
63457
63466
63475
63484
63493
63502
63511
63520
63529
63538
63547
63556
63565
63574
63605
63614
63623
63632
63641
63650
63659
63667
63675
63683
63688
63695
63704
63713
63722
63730
63737
63748
63758
63767
63776
63784
63792
63800
63806
63814
63823
63831
63843
63850
63859
63868
63877
63886
63895
63904
63913
63922
63931
63940
63949
63954
63962
63970
63973
63984
63993
64002
64011
64020
64029
64037
64045
64054
64059
64070
64079
64088
64097
64106
64115
64124
64133
64142
64151
64160
64169
64178
64187
64196
64204
64212
64220
64227
64236
64245
64253
64261
64269
64281
64290
64299
64308
64317
64326
64335
64344
64353
64362
64371
64380
64389
64398
64407
64416
64425
64434
64443
64452
64461
64500
64509
64518
64527
64536
64545
64554
64565
64573
64581
64590
64599
64608
64617
64626
64634
64642
64657
64666
64674
64682
64689
64700
64709
64718
64727
64738
64746
64754
64760
64767
64776
64785
64794
64803
64812
64821
64830
64839
64848
64857
64866
64874
64882
64885
64900
64909
64918
64927
64936
64945
64953
64961
64969
64985
64994
65003
65012
65021
65030
65039
65048
65057
65066
65075
65084
65092
65100
65107
65115
65125
65133
65145
65153
65162
65171
65180
65189
65198
65207
65216
65225
65234
65243
65252
65261
65270
65279
65288
65297
65306
65315
65324
65333
65342
65351
65360
65369
65378
65387
65422
65431
65440
65449
65458
65467
65475
65483
65491
65500
65511
65520
65528
65536
65544
65551
65557
65565
65573
65580
65586
65595
65604
65613
65622
65631
65639
65648
65656
65662
65670
65679
65688
65697
65706
65715
65724
65733
65742
65751
65760
65769
65777
65785
65793
65810
65819
65828
65837
65845
65853
65859
65867
65876
65885
65894
65903
65912
65921
65930
65939
65948
65957
65966
65974
65982
65990
65997
66005
66017
66025
66033
66041
66051
66058
66067
66076
66085
66094
66103
66112
66121
66130
66139
66148
66157
66166
66175
66184
66193
66202
66211
66220
66229
66238
66247
66256
66265
66274
66283
66321
66330
66339
66348
66357
66366
66375
66384
66392
66400
66407
66414
66423
66432
66440
66448
66455
66460
66466
66473
66481
66489
66499
66508
66517
66526
66535
66543
66551
66559
66567
66575
66584
66593
66602
66611
66620
66629
66638
66647
66655
66663
66671
66679
66685
66692
66701
66710
66719
66730
66738
66746
66753
66760
66768
66777
66786
66795
66804
66813
66822
66831
66840
66849
66858
66867
66876
66884
66892
66900
66907
66918
66929
66937
66945
66952
66961
66970
66979
66988
66997
67006
67015
67024
67033
67042
67051
67060
67069
67078
67087
67096
67105
67114
67123
67132
67141
67150
67159
67168
67206
67215
67224
67233
67242
67251
67260
67269
67277
67285
67293
67300
67309
67318
67327
67336
67344
67354
67365
67373
67381
67389
67397
67405
67414
67423
67432
67440
67448
67456
67464
67476
67486
67495
67504
67513
67522
67531
67540
67549
67557
67565
67578
67587
67596
67605
67614
67624
67632
67640
67647
67656
67665
67674
67683
67692
67701
67710
67719
67728
67737
67746
67755
67764
67773
67782
67790
67798
67806
67817
67821
67829
67839
67848
67857
67866
67875
67884
67893
67902
67911
67920
67929
67938
67947
67956
67965
67974
67983
67992
68001
68010
68019
68028
68037
68046
68055
68064
68073
68082
68131
68140
68149
68158
68167
68176
68184
68192
68200
68206
68215
68225
68233
68241
68249
68257
68266
68274
68282
68295
68304
68313
68322
68331
68340
68348
68356
68364
68373
68382
68391
68400
68409
68418
68427
68436
68445
68453
68461
68474
68483
68492
68501
68510
68519
68530
68538
68546
68559
68567
68576
68585
68594
68603
68612
68621
68630
68639
68648
68657
68666
68675
68687
68695
68703
68711
68715
68721
68727
68734
68742
68749
68757
68766
68775
68784
68793
68802
68811
68820
68829
68838
68847
68856
68865
68874
68883
68892
68901
68910
68919
68928
68937
68946
68955
68964
68973
68982
68991
69000
69042
69046
69054
69062
69070
69081
69089
69098
69106
69114
69125
69133
69142
69151
69160
69168
69176
69182
69191
69200
69209
69218
69227
69234
69241
69250
69259
69268
69277
69286
69295
69304
69313
69322
69331
69340
69349
69358
69366
69373
69383
69388
69397
69406
69415
69424
69433
69441
69449
69457
69464
69473
69482
69491
69500
69509
69518
69527
69536
69545
69554
69563
69572
69581
69590
69599
69608
69616
69624
69632
69639
69649
69656
69663
69670
69677
69686
69695
69704
69713
69722
69731
69740
69749
69758
69767
69776
69785
69794
69803
69812
69821
69830
69839
69848
69857
69866
69875
69884
69893
69937
69946
69954
69962
69975
69984
69995
70003
70010
70017
70025
70034
70043
70052
70061
70069
70077
70089
70098
70106
70114
70122
70126
70135
70144
70153
70162
70171
70180
70189
70198
70207
70216
70225
70234
70241
70249
70258
70265
70276
70285
70294
70303
70312
70321
70330
70341
70349
70357
70365
70373
70382
70391
70400
70409
70418
70427
70436
70445
70454
70463
70472
70481
70490
70499
70508
70517
70526
70534
70542
70549
70555
70562
70568
70576
70584
70592
70601
70610
70619
70628
70637
70646
70655
70664
70673
70682
70691
70700
70709
70718
70727
70736
70745
70754
70763
70772
70781
70790
70799
70831
70840
70849
70857
70865
70870
70884
70891
70898
70906
70914
70921
70929
70938
70947
70955
70963
70971
70979
70988
70997
71006
71014
71022
71039
71048
71057
71066
71075
71084
71093
71102
71111
71120
71129
71138
71146
71154
71163
71169
71176
71185
71194
71203
71212
71221
71230
71239
71247
71255
71266
71275
71284
71293
71302
71311
71320
71329
71338
71347
71356
71365
71374
71383
71392
71401
71410
71419
71428
71437
71445
71457
71464
71476
71485
71494
71503
71512
71521
71530
71539
71548
71557
71566
71575
71584
71593
71602
71611
71620
71629
71638
71647
71656
71665
71674
71683
71692
71701
71710
71753
71761
71771
71778
71784
71792
71800
71808
71815
71820
71830
71839
71848
71856
71864
71871
71880
71889
71898
71907
71916
71924
71931
71938
71947
71956
71965
71974
71983
71992
72001
72010
72019
72028
72037
72046
72055
72063
72071
72079
72086
72093
72102
72111
72120
72129
72138
72146
72154
72161
72171
72180
72189
72198
72207
72216
72225
72234
72243
72252
72261
72270
72279
72288
72297
72306
72314
72322
72330
72343
72357
72365
72373
72378
72387
72396
72405
72414
72423
72432
72441
72450
72459
72468
72477
72486
72495
72504
72513
72522
72531
72540
72549
72558
72567
72576
72585
72594
72603
72612
72653
72662
72670
72678
72690
72699
72707
72715
72722
72727
72731
72740
72748
72756
72764
72775
72780
72789
72798
72806
72814
72822
72829
72836
72845
72854
72863
72872
72881
72890
72899
72908
72917
72926
72935
72944
72953
72961
72969
72982
72991
73000
73009
73018
73027
73036
73044
73052
73058
73067
73076
73085
73094
73103
73112
73121
73130
73139
73148
73157
73166
73175
73184
73193
73201
73209
73217
73225
73234
73243
73253
73261
73267
73276
73285
73294
73303
73312
73321
73330
73339
73348
73357
73366
73375
73384
73393
73402
73411
73420
73429
73438
73447
73456
73465
73474
73483
73492
73501
73510
73554
73562
73570
73578
73585
73593
73602
73612
73620
73628
73639
73646
73657
73665
73676
73686
73695
73705
73713
73721
73727
73733
73742
73751
73760
73769
73778
73787
73796
73805
73814
73823
73832
73840
73848
73855
73863
73872
73881
73890
73899
73908
73917
73926
73934
73942
73950
73957
73959
73968
73977
73986
73995
74004
74013
74022
74031
74040
74049
74058
74067
74076
74085
74094
74104
74112
74120
74134
74143
74151
74159
74174
74183
74192
74201
74210
74219
74228
74237
74246
74255
74264
74273
74282
74291
74300
74309
74318
74327
74336
74345
74354
74363
74372
74381
74390
74399
74408
74417
74426
74466
74475
74483
74491
74505
74514
74522
74530
74538
74545
74552
74558
74566
74577
74581
74590
74599
74607
74615
74623
74629
74637
74646
74655
74664
74673
74682
74691
74700
74709
74717
74725
74733
74740
74747
74756
74765
74774
74783
74792
74801
74812
74820
74831
74840
74849
74858
74867
74876
74885
74894
74903
74912
74921
74930
74939
74948
74957
74966
74975
74984
74993
75002
75011
75022
75030
75038
75043
75055
75062
75069
75077
75084
75091
75100
75109
75118
75127
75136
75145
75154
75163
75172
75181
75190
75199
75208
75217
75226
75235
75244
75253
75262
75271
75280
75289
75298
75307
75316
75325
75368
75376
75384
75391
75398
75407
75416
75425
75434
75442
75450
75455
75462
75466
75472
75480
75490
75498
75507
75515
75523
75531
75539
75547
75558
75567
75576
75585
75594
75603
75610
75618
75625
75636
75645
75654
75663
75672
75681
75690
75698
75706
75714
75724
75733
75742
75751
75760
75769
75778
75787
75796
75805
75814
75823
75832
75841
75850
75859
75868
75877
75886
75895
75904
75915
75923
75931
75941
75952
75963
75971
75978
75986
75995
76004
76013
76022
76031
76040
76049
76058
76067
76076
76085
76094
76103
76112
76121
76130
76139
76148
76157
76166
76175
76184
76193
76202
76211
76220
76229
76270
76277
76285
76293
76299
76307
76316
76324
76332
76340
76347
76354
76363
76373
76382
76391
76400
76409
76418
76426
76434
76442
76455
76464
76473
76482
76491
76499
76507
76515
76525
76530
76539
76548
76557
76566
76575
76584
76593
76602
76611
76619
76627
76635
76640
76648
76657
76666
76675
76684
76693
76702
76711
76720
76729
76738
76747
76756
76765
76774
76783
76792
76800
76808
76816
76826
76835
76844
76853
76862
76870
76880
76890
76899
76908
76917
76926
76935
76944
76953
76962
76971
76980
76989
76998
77007
77016
77025
77034
77043
77052
77061
77070
77079
77088
77097
77106
77115
77124
77133
77177
77184
77195
77206
77215
77224
77232
77240
77247
77254
77262
77268
77276
77288
77296
77305
77314
77322
77330
77338
77346
77355
77364
77373
77382
77391
77400
77408
77416
77424
77431
77441
77450
77459
77468
77477
77486
77495
77502
77510
77518
77526
77533
77541
77550
77559
77568
77577
77586
77595
77604
77613
77622
77631
77640
77649
77658
77667
77678
77686
77695
77704
77713
77722
77731
77740
77749
77758
77767
77776
77785
77794
77803
77812
77821
77830
77839
77848
77857
77866
77875
77884
77893
77902
77911
77920
77929
77938
77947
77956
77965
77974
77983
77992
78001
78010
78019
78028
78037
78046
78095
78103
78117
78126
78135
78143
78151
78158
78165
78176
78183
78195
78205
78214
78222
78230
78238
78246
78255
78264
78273
78282
78291
78300
78309
78319
78327
78335
78346
78355
78364
78373
78382
78391
78400
78410
78423
78432
78441
78450
78459
78468
78477
78486
78495
78504
78513
78522
78531
78540
78549
78558
78567
78576
78584
78592
78606
78614
78622
78630
78634
78644
78653
78662
78671
78680
78689
78698
78707
78716
78725
78734
78743
78752
78761
78770
78779
78788
78797
78806
78815
78824
78833
78842
78851
78860
78869
78878
78887
78896
78905
78914
78923
78932
78941
78950
78959
78968
78977
78985
79039
79047
79057
79063
79070
79078
79086
79094
79103
79112
79122
79130
79139
79147
79155
79164
79173
79182
79191
79200
79209
79217
79225
79233
79238
79250
79259
79268
79276
79284
79292
79300
79306
79315
79324
79333
79342
79351
79360
79369
79378
79387
79396
79405
79414
79423
79432
79441
79450
79459
79470
79478
79486
79489
79501
79509
79517
79529
79538
79547
79556
79565
79574
79583
79592
79601
79610
79619
79628
79637
79646
79655
79664
79673
79682
79691
79700
79709
79718
79727
79736
79745
79754
79763
79772
79781
79790
79799
79808
79817
79826
79835
79844
79853
79862
79871
79880
79889
79897
79905
79945
79954
79962
79969
79975
79982
79989
79997
80006
80014
80023
80032
80041
80050
80059
80068
80077
80086
80095
80104
80113
80121
80129
80137
80141
80151
80160
80169
80178
80186
80194
80202
80205
80213
80222
80231
80240
80249
80258
80267
80276
80285
80294
80303
80312
80321
80330
80339
80348
80356
80364
80372
80379
80386
80396
80404
80412
80421
80428
80435
80444
80453
80462
80471
80480
80489
80498
80507
80516
80525
80534
80543
80552
80561
80570
80579
80588
80597
80606
80615
80624
80633
80642
80651
80660
80669
80678
80687
80696
80705
80714
80723
80732
80741
80750
80759
80768
80777
80786
80794
80845
80854
80867
80874
80881
80888
80893
80898
80901
80907
80916
80925
80931
80940
80949
80958
80967
80976
80985
80994
81003
81012
81020
81028
81036
81044
81053
81062
81071
81080
81088
81096
81104
81112
81120
81129
81138
81147
81156
81165
81174
81183
81192
81201
81210
81219
81228
81237
81246
81254
81262
81270
81278
81287
81298
81305
81311
81320
81329
81338
81347
81356
81365
81374
81383
81392
81401
81410
81419
81428
81437
81446
81455
81464
81473
81482
81491
81500
81509
81518
81527
81536
81545
81554
81563
81572
81581
81590
81599
81608
81617
81626
81635
81644
81653
81661
81669
81676
81683
81693
81735
81744
81753
81762
81771
81779
81787
81795
81805
81810
81817
81822
81830
81837
81844
81851
81860
81869
81878
81887
81896
81906
81914
81922
81932
81937
81946
81955
81964
81973
81982
81990
81998
82005
82014
82023
82032
82041
82050
82059
82068
82077
82086
82095
82104
82113
82122
82131
82140
82149
82157
82165
82173
82179
82186
82192
82199
82207
82215
82224
82233
82242
82251
82260
82269
82278
82287
82296
82305
82314
82323
82332
82341
82350
82359
82368
82377
82386
82395
82404
82413
82422
82431
82440
82449
82458
82467
82476
82485
82494
82503
82512
82521
82530
82539
82548
82556
82564
82572
82576
82621
82630
82639
82648
82657
82666
82674
82682
82690
82696
82705
82714
82723
82729
82736
82743
82750
82757
82763
82770
82775
82783
82792
82800
82808
82816
82828
82833
82842
82851
82860
82869
82878
82886
82894
82899
82906
82915
82924
82933
82942
82951
82960
82969
82978
82987
82996
83005
83014
83023
83032
83041
83050
83059
83068
83075
83081
83088
83092
83102
83112
83119
83128
83137
83146
83155
83164
83173
83182
83191
83200
83209
83218
83227
83236
83245
83254
83263
83272
83281
83290
83299
83308
83317
83326
83335
83344
83353
83362
83371
83380
83389
83398
83407
83416
83425
83434
83444
83452
83460
83521
83530
83539
83550
83558
83566
83572
83577
83588
83597
83606
83615
83624
83633
83642
83649
83656
83663
83670
83676
83681
83688
83696
83703
83711
83719
83727
83734
83743
83752
83761
83771
83779
83787
83790
83798
83807
83816
83825
83834
83843
83852
83861
83870
83879
83888
83897
83906
83915
83924
83933
83942
83949
83956
83962
83969
83976
83982
83992
83998
84010
84019
84028
84037
84046
84055
84064
84073
84082
84091
84100
84109
84118
84127
84136
84145
84154
84163
84172
84181
84190
84199
84208
84217
84226
84235
84244
84253
84262
84271
84280
84289
84298
84307
84316
84325
84334
84343
84352
84363
84425
84433
84440
84448
84456
84462
84468
84477
84486
84495
84504
84513
84522
84531
84540
84549
84559
84567
84575
84582
84589
84596
84603
84608
84614
84622
84629
84637
84646
84655
84663
84671
84679
84685
84694
84703
84712
84721
84730
84739
84748
84757
84766
84775
84784
84793
84802
84811
84820
84829
84838
84847
84853
84860
84873
84878
84885
84893
84898
84906
84915
84924
84933
84942
84951
84960
84969
84978
84987
84996
85005
85014
85023
85032
85041
85050
85059
85068
85077
85086
85095
85104
85113
85122
85131
85140
85149
85158
85167
85176
85185
85194
85203
85212
85221
85230
85239
85248
85255
85263
85317
85324
85332
85340
85347
85355
85364
85373
85382
85391
85400
85409
85418
85427
85436
85445
85454
85463
85471
85479
85486
85493
85503
85506
85509
85518
85528
85536
85542
85551
85559
85571
85579
85587
85597
85606
85615
85624
85633
85642
85651
85660
85669
85678
85687
85696
85705
85714
85723
85731
85739
85747
85755
85765
85773
85782
85788
85797
85806
85815
85824
85833
85842
85851
85860
85869
85878
85887
85896
85905
85914
85923
85932
85941
85950
85959
85968
85977
85986
85995
86004
86013
86022
86031
86040
86049
86058
86067
86076
86085
86094
86103
86112
86121
86130
86139
86148
86158
86166
86174
86227
86235
86244
86250
86259
86268
86277
86286
86295
86304
86313
86322
86331
86340
86349
86358
86366
86374
86383
86392
86400
86409
86417
86424
86435
86444
86453
86462
86471
86479
86487
86496
86505
86514
86523
86532
86541
86550
86559
86568
86577
86586
86595
86604
86613
86624
86632
86640
86647
86656
86665
86673
86681
86689
86698
86707
86716
86725
86734
86743
86752
86761
86770
86779
86788
86797
86806
86815
86824
86833
86842
86851
86860
86869
86878
86887
86896
86905
86914
86923
86932
86941
86950
86959
86968
86977
86986
86995
87004
87013
87022
87031
87040
87049
87058
87066
87074
87081
87090
87099
87121
87127
87140
87149
87158
87167
87176
87185
87194
87203
87212
87221
87230
87239
87248
87256
87264
87272
87280
87289
87298
87306
87313
87320
87327
87335
87342
87352
87361
87370
87378
87386
87392
87401
87410
87419
87428
87437
87446
87455
87464
87473
87482
87491
87500
87509
87517
87527
87536
87545
87554
87563
87571
87579
87586
87595
87604
87613
87622
87631
87640
87649
87658
87667
87676
87685
87694
87703
87712
87721
87730
87739
87748
87757
87766
87775
87784
87793
87802
87811
87820
87829
87838
87847
87856
87865
87874
87883
87892
87901
87910
87919
87928
87937
87946
87955
87965
87973
87981
87992
88030
88036
88045
88054
88063
88072
88081
88090
88099
88108
88117
88126
88135
88149
88157
88165
88173
88182
88191
88200
88209
88218
88226
88233
88239
88245
88253
88262
88270
88278
88289
88296
88305
88314
88323
88332
88341
88350
88359
88368
88377
88386
88395
88403
88411
88415
88425
88434
88443
88452
88460
88467
88475
88484
88493
88502
88511
88520
88529
88538
88547
88556
88565
88574
88583
88592
88601
88610
88619
88628
88637
88646
88655
88664
88673
88682
88691
88700
88709
88718
88727
88736
88745
88754
88763
88772
88781
88790
88799
88808
88817
88826
88835
88844
88853
88862
88871
88879
88887
88894
88930
88939
88947
88956
88965
88974
88983
88992
89001
89010
89019
89028
89037
89046
89054
89062
89070
89079
89088
89096
89104
89112
89123
89132
89141
89149
89157
89165
89173
89179
89189
89196
89206
89215
89224
89233
89242
89251
89260
89269
89278
89286
89298
89307
89316
89325
89334
89343
89350
89358
89366
89373
89385
89394
89403
89412
89421
89430
89439
89448
89457
89466
89475
89484
89493
89502
89511
89520
89529
89538
89547
89556
89565
89574
89583
89592
89601
89610
89619
89628
89637
89646
89655
89664
89673
89682
89691
89700
89709
89718
89727
89736
89745
89754
89763
89772
89781
89789
89799
89808
89833
89841
89849
89857
89861
89870
89879
89888
89897
89906
89915
89924
89932
89940
89946
89955
89964
89973
89981
89985
89994
90003
90012
90021
90030
90039
90048
90057
90066
90075
90084
90092
90099
90105
90113
90121
90130
90139
90150
90158
90166
90174
90180
90191
90200
90209
90218
90227
90236
90245
90255
90263
90271
90278
90287
90296
90305
90314
90323
90332
90341
90350
90359
90368
90377
90386
90395
90404
90413
90422
90431
90440
90449
90458
90467
90476
90485
90494
90503
90512
90521
90530
90539
90548
90557
90566
90575
90584
90593
90602
90611
90620
90629
90638
90647
90656
90665
90674
90683
90692
90703
90712
90721
90730
90739
90748
90757
90765
90773
90780
90789
90798
90807
90816
90825
90834
90843
90851
90859
90868
90878
90889
90898
90907
90916
90925
90934
90943
90952
90961
90970
90979
90987
90995
91002
91008
91015
91019
91028
91037
91046
91055
91064
91072
91080
91088
91096
91105
91114
91123
91132
91141
91150
91159
91168
91176
91184
91189
91199
91208
91217
91226
91235
91244
91253
91262
91271
91280
91289
91298
91307
91316
91325
91334
91343
91352
91361
91370
91379
91388
91397
91406
91415
91424
91433
91442
91451
91460
91469
91478
91487
91496
91505
91514
91523
91531
91539
91549
91556
91565
91608
91617
91626
91635
91644
91653
91662
91671
91679
91687
91697
91706
91715
91724
91733
91742
91751
91759
91767
91775
91788
91797
91806
91815
91824
91833
91842
91851
91860
91869
91878
91886
91894
91903
91911
91920
91929
91938
91947
91956
91965
91974
91983
91991
91999
92006
92015
92024
92033
92042
92051
92060
92069
92077
92085
92093
92102
92111
92120
92129
92138
92147
92156
92165
92174
92183
92192
92201
92210
92219
92228
92237
92246
92255
92264
92273
92282
92291
92300
92309
92318
92327
92336
92345
92354
92363
92372
92381
92390
92399
92408
92417
92426
92435
92443
92450
92458
92467
92476
92485
92524
92533
92542
92551
92560
92568
92576
92584
92592
92601
92610
92618
92627
92636
92645
92654
92663
92672
92680
92688
92696
92705
92714
92723
92732
92741
92750
92759
92768
92777
92787
92795
92803
92814
92818
92827
92836
92845
92854
92863
92872
92880
92888
92894
92902
92911
92920
92929
92938
92947
92956
92965
92974
92982
92990
92998
93011
93015
93024
93033
93042
93051
93060
93069
93078
93087
93096
93105
93114
93123
93132
93141
93150
93159
93168
93177
93186
93195
93204
93213
93222
93231
93240
93249
93258
93267
93276
93285
93294
93303
93312
93321
93330
93338
93347
93355
93364
93373
93382
93391
93423
93432
93441
93450
93459
93468
93477
93486
93494
93502
93510
93517
93524
93533
93542
93551
93560
93569
93577
93585
93593
93602
93611
93620
93629
93638
93647
93656
93664
93672
93681
93690
93698
93706
93714
93722
93730
93738
93747
93756
93765
93774
93782
93790
93798
93807
93816
93825
93834
93843
93852
93861
93870
93879
93888
93896
93904
93912
93915
93924
93933
93942
93951
93960
93969
93978
93987
93996
94005
94014
94023
94032
94041
94050
94059
94068
94077
94086
94095
94104
94113
94122
94131
94140
94149
94158
94167
94176
94185
94194
94203
94212
94221
94230
94238
94250
94259
94268
94277
94286
94322
94331
94340
94349
94358
94367
94376
94384
94393
94401
94409
94419
94424
94433
94440
94449
94458
94467
94476
94484
94492
94499
94508
94517
94526
94535
94544
94553
94561
94570
94580
94589
94598
94607
94615
94623
94631
94644
94653
94662
94671
94678
94689
94698
94707
94716
94725
94734
94743
94752
94761
94770
94779
94782
94790
94799
94802
94811
94820
94829
94838
94847
94856
94865
94874
94883
94892
94901
94910
94919
94928
94937
94946
94955
94964
94973
94982
94991
95000
95009
95018
95027
95036
95045
95054
95063
95072
95081
95090
95099
95108
95117
95126
95135
95144
95153
95162
95171
95180
95189
95227
95236
95245
95254
95263
95272
95281
95289
95297
95306
95314
95323
95332
95341
95350
95359
95368
95377
95386
95395
95403
95411
95419
95430
95440
95449
95458
95466
95474
95487
95496
95505
95514
95525
95532
95540
95548
95557
95564
95572
95580
95588
95592
95601
95610
95619
95628
95637
95646
95654
95662
95670
95678
95685
95694
95703
95712
95721
95730
95739
95748
95757
95766
95775
95784
95793
95802
95811
95820
95829
95838
95847
95856
95865
95874
95883
95892
95901
95910
95919
95928
95937
95946
95955
95964
95973
95982
95991
96000
96009
96018
96027
96035
96043
96050
96057
96066
96075
96084
96093
96133
96142
96151
96160
96169
96177
96184
96191
96198
96203
96209
96214
96220
96228
96237
96246
96255
96264
96273
96282
96291
96299
96307
96315
96325
96333
96341
96349
96357
96371
96382
96391
96400
96409
96418
96427
96436
96444
96452
96460
96467
96476
96488
96497
96506
96515
96524
96533
96542
96551
96559
96567
96576
96579
96590
96599
96608
96617
96626
96635
96644
96653
96662
96671
96680
96689
96698
96707
96716
96725
96734
96743
96752
96761
96770
96779
96788
96797
96806
96815
96824
96833
96842
96851
96860
96869
96878
96887
96896
96905
96914
96923
96930
96938
96946
96958
96966
96975
96984
96993
97036
97045
97054
97063
97072
97080
97088
97096
97103
97110
97120
97128
97136
97140
97151
97160
97169
97178
97187
97195
97203
97210
97217
97225
97234
